[hadoop@ip-172-30-2-78 ~]$ hadoop dfs -text /user/hadoop/matrix/advanced/output3/p*
DEPRECATED: Use of this script to execute hdfs command is deprecated.
Instead use the hdfs command for it.

18/12/09 15:06:51 INFO lzo.GPLNativeCodeLoader: Loaded native gpl library
18/12/09 15:06:51 INFO lzo.LzoCodec: Successfully loaded & initialized native-lzo library [hadoop-lzo rev 5f779390180acb8f1d86999c0a0294917976289f]
(0,0),23619200.000000
(0,1),23611940.000000
(0,2),23604680.000000
(0,3),23597420.000000
(0,4),23590160.000000
(0,5),23582900.000000
(0,6),23575640.000000
(0,7),23568380.000000
(0,8),23561120.000000
(0,9),23553860.000000
(0,10),23546600.000000
(0,11),23539340.000000
(0,12),23532080.000000
(0,13),23524820.000000
(0,14),23517560.000000
(0,15),23510300.000000
(0,16),23503040.000000
(0,17),23495780.000000
(0,18),23488520.000000
(0,19),23481260.000000
(1,0),93315200.000000
(1,1),93293540.000000
(1,2),93271880.000000
(1,3),93250220.000000
(1,4),93228560.000000
(1,5),93206900.000000
(1,6),93185240.000000
(1,7),93163580.000000
(1,8),93141920.000000
(1,9),93120260.000000
(1,10),93098600.000000
(1,11),93076940.000000
(1,12),93055280.000000
(1,13),93033620.000000
(1,14),93011960.000000
(1,15),92990300.000000
(1,16),92968640.000000
(1,17),92946980.000000
(1,18),92925320.000000
(1,19),92903660.000000
(2,0),163011200.000000
(2,1),162975140.000000
(2,2),162939080.000000
(2,3),162903020.000000
(2,4),162866960.000000
(2,5),162830900.000000
(2,6),162794840.000000
(2,7),162758780.000000
(2,8),162722720.000000
(2,9),162686660.000000
(2,10),162650600.000000
(2,11),162614540.000000
(2,12),162578480.000000
(2,13),162542420.000000
(2,14),162506360.000000
(2,15),162470300.000000
(2,16),162434240.000000
(2,17),162398180.000000
(2,18),162362120.000000
(2,19),162326060.000000
(3,0),232707200.000000
(3,1),232656740.000000
(3,2),232606280.000000
(3,3),232555820.000000
(3,4),232505360.000000
(3,5),232454900.000000
(3,6),232404440.000000
(3,7),232353980.000000
(3,8),232303520.000000
(3,9),232253060.000000
(3,10),232202600.000000
(3,11),232152140.000000
(3,12),232101680.000000
(3,13),232051220.000000
(3,14),232000760.000000
(3,15),231950300.000000
(3,16),231899840.000000
(3,17),231849380.000000
(3,18),231798920.000000
(3,19),231748460.000000
(4,0),302403200.000000
(4,1),302338340.000000
(4,2),302273480.000000
(4,3),302208620.000000
(4,4),302143760.000000
(4,5),302078900.000000
(4,6),302014040.000000
(4,7),301949180.000000
(4,8),301884320.000000
(4,9),301819460.000000
(4,10),301754600.000000
(4,11),301689740.000000
(4,12),301624880.000000
(4,13),301560020.000000
(4,14),301495160.000000
(4,15),301430300.000000
(4,16),301365440.000000
(4,17),301300580.000000
(4,18),301235720.000000
(4,19),301170860.000000
(5,0),372099200.000000
(5,1),372019940.000000
(5,2),371940680.000000
(5,3),371861420.000000
(5,4),371782160.000000
(5,5),371702900.000000
(5,6),371623640.000000
(5,7),371544380.000000
(5,8),371465120.000000
(5,9),371385860.000000
(5,10),371306600.000000
(5,11),371227340.000000
(5,12),371148080.000000
(5,13),371068820.000000
(5,14),370989560.000000
(5,15),370910300.000000
(5,16),370831040.000000
(5,17),370751780.000000
(5,18),370672520.000000
(5,19),370593260.000000
(6,0),441795200.000000
(6,1),441701540.000000
(6,2),441607880.000000
(6,3),441514220.000000
(6,4),441420560.000000
(6,5),441326900.000000
(6,6),441233240.000000
(6,7),441139580.000000
(6,8),441045920.000000
(6,9),440952260.000000
(6,10),440858600.000000
(6,11),440764940.000000
(6,12),440671280.000000
(6,13),440577620.000000
(6,14),440483960.000000
(6,15),440390300.000000
(6,16),440296640.000000
(6,17),440202980.000000
(6,18),440109320.000000
(6,19),440015660.000000
(7,0),511491200.000000
(7,1),511383140.000000
(7,2),511275080.000000
(7,3),511167020.000000
(7,4),511058960.000000
(7,5),510950900.000000
(7,6),510842840.000000
(7,7),510734780.000000
(7,8),510626720.000000
(7,9),510518660.000000
(7,10),510410600.000000
(7,11),510302540.000000
(7,12),510194480.000000
(7,13),510086420.000000
(7,14),509978360.000000
(7,15),509870300.000000
(7,16),509762240.000000
(7,17),509654180.000000
(7,18),509546120.000000
(7,19),509438060.000000
(8,0),581187200.000000
(8,1),581064740.000000
(8,2),580942280.000000
(8,3),580819820.000000
(8,4),580697360.000000
(8,5),580574900.000000
(8,6),580452440.000000
(8,7),580329980.000000
(8,8),580207520.000000
(8,9),580085060.000000
(8,10),579962600.000000
(8,11),579840140.000000
(8,12),579717680.000000
(8,13),579595220.000000
(8,14),579472760.000000
(8,15),579350300.000000
(8,16),579227840.000000
(8,17),579105380.000000
(8,18),578982920.000000
(8,19),578860460.000000
(9,0),650883200.000000
(9,1),650746340.000000
(9,2),650609480.000000
(9,3),650472620.000000
(9,4),650335760.000000
(9,5),650198900.000000
(9,6),650062040.000000
(9,7),649925180.000000
(9,8),649788320.000000
(9,9),649651460.000000
(9,10),649514600.000000
(9,11),649377740.000000
(9,12),649240880.000000
(9,13),649104020.000000
(9,14),648967160.000000
(9,15),648830300.000000
(9,16),648693440.000000
(9,17),648556580.000000
(9,18),648419720.000000
(9,19),648282860.000000
(10,0),720579200.000000
(10,1),720427940.000000
(10,2),720276680.000000
(10,3),720125420.000000
(10,4),719974160.000000
(10,5),719822900.000000
(10,6),719671640.000000
(10,7),719520380.000000
(10,8),719369120.000000
(10,9),719217860.000000
(10,10),719066600.000000
(10,11),718915340.000000
(10,12),718764080.000000
(10,13),718612820.000000
(10,14),718461560.000000
(10,15),718310300.000000
(10,16),718159040.000000
(10,17),718007780.000000
(10,18),717856520.000000
(10,19),717705260.000000
(11,0),790275200.000000
(11,1),790109540.000000
(11,2),789943880.000000
(11,3),789778220.000000
(11,4),789612560.000000
(11,5),789446900.000000
(11,6),789281240.000000
(11,7),789115580.000000
(11,8),788949920.000000
(11,9),788784260.000000
(11,10),788618600.000000
(11,11),788452940.000000
(11,12),788287280.000000
(11,13),788121620.000000
(11,14),787955960.000000
(11,15),787790300.000000
(11,16),787624640.000000
(11,17),787458980.000000
(11,18),787293320.000000
(11,19),787127660.000000
(12,0),859971200.000000
(12,1),859791140.000000
(12,2),859611080.000000
(12,3),859431020.000000
(12,4),859250960.000000
(12,5),859070900.000000
(12,6),858890840.000000
(12,7),858710780.000000
(12,8),858530720.000000
(12,9),858350660.000000
(12,10),858170600.000000
(12,11),857990540.000000
(12,12),857810480.000000
(12,13),857630420.000000
(12,14),857450360.000000
(12,15),857270300.000000
(12,16),857090240.000000
(12,17),856910180.000000
(12,18),856730120.000000
(12,19),856550060.000000
(13,0),929667200.000000
(13,1),929472740.000000
(13,2),929278280.000000
(13,3),929083820.000000
(13,4),928889360.000000
(13,5),928694900.000000
(13,6),928500440.000000
(13,7),928305980.000000
(13,8),928111520.000000
(13,9),927917060.000000
(13,10),927722600.000000
(13,11),927528140.000000
(13,12),927333680.000000
(13,13),927139220.000000
(13,14),926944760.000000
(13,15),926750300.000000
(13,16),926555840.000000
(13,17),926361380.000000
(13,18),926166920.000000
(13,19),925972460.000000
(14,0),999363200.000000
(14,1),999154340.000000
(14,2),998945480.000000
(14,3),998736620.000000
(14,4),998527760.000000
(14,5),998318900.000000
(14,6),998110040.000000
(14,7),997901180.000000
(14,8),997692320.000000
(14,9),997483460.000000
(14,10),997274600.000000
(14,11),997065740.000000
(14,12),996856880.000000
(14,13),996648020.000000
(14,14),996439160.000000
(14,15),996230300.000000
(14,16),996021440.000000
(14,17),995812580.000000
(14,18),995603720.000000
(14,19),995394860.000000
(15,0),1069059200.000000
(15,1),1068835940.000000
(15,2),1068612680.000000
(15,3),1068389420.000000
(15,4),1068166160.000000
(15,5),1067942900.000000
(15,6),1067719640.000000
(15,7),1067496380.000000
(15,8),1067273120.000000
(15,9),1067049860.000000
(15,10),1066826600.000000
(15,11),1066603340.000000
(15,12),1066380080.000000
(15,13),1066156820.000000
(15,14),1065933560.000000
(15,15),1065710300.000000
(15,16),1065487040.000000
(15,17),1065263780.000000
(15,18),1065040520.000000
(15,19),1064817260.000000
(16,0),1138755200.000000
(16,1),1138517540.000000
(16,2),1138279880.000000
(16,3),1138042220.000000
(16,4),1137804560.000000
(16,5),1137566900.000000
(16,6),1137329240.000000
(16,7),1137091580.000000
(16,8),1136853920.000000
(16,9),1136616260.000000
(16,10),1136378600.000000
(16,11),1136140940.000000
(16,12),1135903280.000000
(16,13),1135665620.000000
(16,14),1135427960.000000
(16,15),1135190300.000000
(16,16),1134952640.000000
(16,17),1134714980.000000
(16,18),1134477320.000000
(16,19),1134239660.000000
(17,0),1208451200.000000
(17,1),1208199140.000000
(17,2),1207947080.000000
(17,3),1207695020.000000
(17,4),1207442960.000000
(17,5),1207190900.000000
(17,6),1206938840.000000
(17,7),1206686780.000000
(17,8),1206434720.000000
(17,9),1206182660.000000
(17,10),1205930600.000000
(17,11),1205678540.000000
(17,12),1205426480.000000
(17,13),1205174420.000000
(17,14),1204922360.000000
(17,15),1204670300.000000
(17,16),1204418240.000000
(17,17),1204166180.000000
(17,18),1203914120.000000
(17,19),1203662060.000000
(18,0),1278147200.000000
(18,1),1277880740.000000
(18,2),1277614280.000000
(18,3),1277347820.000000
(18,4),1277081360.000000
(18,5),1276814900.000000
(18,6),1276548440.000000
(18,7),1276281980.000000
(18,8),1276015520.000000
(18,9),1275749060.000000
(18,10),1275482600.000000
(18,11),1275216140.000000
(18,12),1274949680.000000
(18,13),1274683220.000000
(18,14),1274416760.000000
(18,15),1274150300.000000
(18,16),1273883840.000000
(18,17),1273617380.000000
(18,18),1273350920.000000
(18,19),1273084460.000000
(19,0),1347843200.000000
(19,1),1347562340.000000
(19,2),1347281480.000000
(19,3),1347000620.000000
(19,4),1346719760.000000
(19,5),1346438900.000000
(19,6),1346158040.000000
(19,7),1345877180.000000
(19,8),1345596320.000000
(19,9),1345315460.000000
(19,10),1345034600.000000
(19,11),1344753740.000000
(19,12),1344472880.000000
(19,13),1344192020.000000
(19,14),1343911160.000000
(19,15),1343630300.000000
(19,16),1343349440.000000
(19,17),1343068580.000000
(19,18),1342787720.000000
(19,19),1342506860.000000
(0,20),23474000.000000
(0,21),23466740.000000
(0,22),23459480.000000
(0,23),23452220.000000
(0,24),23444960.000000
(0,25),23437700.000000
(0,26),23430440.000000
(0,27),23423180.000000
(0,28),23415920.000000
(0,29),23408660.000000
(0,30),23401400.000000
(0,31),23394140.000000
(0,32),23386880.000000
(0,33),23379620.000000
(0,34),23372360.000000
(0,35),23365100.000000
(0,36),23357840.000000
(0,37),23350580.000000
(0,38),23343320.000000
(0,39),23336060.000000
(1,20),92882000.000000
(1,21),92860340.000000
(1,22),92838680.000000
(1,23),92817020.000000
(1,24),92795360.000000
(1,25),92773700.000000
(1,26),92752040.000000
(1,27),92730380.000000
(1,28),92708720.000000
(1,29),92687060.000000
(1,30),92665400.000000
(1,31),92643740.000000
(1,32),92622080.000000
(1,33),92600420.000000
(1,34),92578760.000000
(1,35),92557100.000000
(1,36),92535440.000000
(1,37),92513780.000000
(1,38),92492120.000000
(1,39),92470460.000000
(2,20),162290000.000000
(2,21),162253940.000000
(2,22),162217880.000000
(2,23),162181820.000000
(2,24),162145760.000000
(2,25),162109700.000000
(2,26),162073640.000000
(2,27),162037580.000000
(2,28),162001520.000000
(2,29),161965460.000000
(2,30),161929400.000000
(2,31),161893340.000000
(2,32),161857280.000000
(2,33),161821220.000000
(2,34),161785160.000000
(2,35),161749100.000000
(2,36),161713040.000000
(2,37),161676980.000000
(2,38),161640920.000000
(2,39),161604860.000000
(3,20),231698000.000000
(3,21),231647540.000000
(3,22),231597080.000000
(3,23),231546620.000000
(3,24),231496160.000000
(3,25),231445700.000000
(3,26),231395240.000000
(3,27),231344780.000000
(3,28),231294320.000000
(3,29),231243860.000000
(3,30),231193400.000000
(3,31),231142940.000000
(3,32),231092480.000000
(3,33),231042020.000000
(3,34),230991560.000000
(3,35),230941100.000000
(3,36),230890640.000000
(3,37),230840180.000000
(3,38),230789720.000000
(3,39),230739260.000000
(4,20),301106000.000000
(4,21),301041140.000000
(4,22),300976280.000000
(4,23),300911420.000000
(4,24),300846560.000000
(4,25),300781700.000000
(4,26),300716840.000000
(4,27),300651980.000000
(4,28),300587120.000000
(4,29),300522260.000000
(4,30),300457400.000000
(4,31),300392540.000000
(4,32),300327680.000000
(4,33),300262820.000000
(4,34),300197960.000000
(4,35),300133100.000000
(4,36),300068240.000000
(4,37),300003380.000000
(4,38),299938520.000000
(4,39),299873660.000000
(5,20),370514000.000000
(5,21),370434740.000000
(5,22),370355480.000000
(5,23),370276220.000000
(5,24),370196960.000000
(5,25),370117700.000000
(5,26),370038440.000000
(5,27),369959180.000000
(5,28),369879920.000000
(5,29),369800660.000000
(5,30),369721400.000000
(5,31),369642140.000000
(5,32),369562880.000000
(5,33),369483620.000000
(5,34),369404360.000000
(5,35),369325100.000000
(5,36),369245840.000000
(5,37),369166580.000000
(5,38),369087320.000000
(5,39),369008060.000000
(6,20),439922000.000000
(6,21),439828340.000000
(6,22),439734680.000000
(6,23),439641020.000000
(6,24),439547360.000000
(6,25),439453700.000000
(6,26),439360040.000000
(6,27),439266380.000000
(6,28),439172720.000000
(6,29),439079060.000000
(6,30),438985400.000000
(6,31),438891740.000000
(6,32),438798080.000000
(6,33),438704420.000000
(6,34),438610760.000000
(6,35),438517100.000000
(6,36),438423440.000000
(6,37),438329780.000000
(6,38),438236120.000000
(6,39),438142460.000000
(7,20),509330000.000000
(7,21),509221940.000000
(7,22),509113880.000000
(7,23),509005820.000000
(7,24),508897760.000000
(7,25),508789700.000000
(7,26),508681640.000000
(7,27),508573580.000000
(7,28),508465520.000000
(7,29),508357460.000000
(7,30),508249400.000000
(7,31),508141340.000000
(7,32),508033280.000000
(7,33),507925220.000000
(7,34),507817160.000000
(7,35),507709100.000000
(7,36),507601040.000000
(7,37),507492980.000000
(7,38),507384920.000000
(7,39),507276860.000000
(8,20),578738000.000000
(8,21),578615540.000000
(8,22),578493080.000000
(8,23),578370620.000000
(8,24),578248160.000000
(8,25),578125700.000000
(8,26),578003240.000000
(8,27),577880780.000000
(8,28),577758320.000000
(8,29),577635860.000000
(8,30),577513400.000000
(8,31),577390940.000000
(8,32),577268480.000000
(8,33),577146020.000000
(8,34),577023560.000000
(8,35),576901100.000000
(8,36),576778640.000000
(8,37),576656180.000000
(8,38),576533720.000000
(8,39),576411260.000000
(9,20),648146000.000000
(9,21),648009140.000000
(9,22),647872280.000000
(9,23),647735420.000000
(9,24),647598560.000000
(9,25),647461700.000000
(9,26),647324840.000000
(9,27),647187980.000000
(9,28),647051120.000000
(9,29),646914260.000000
(9,30),646777400.000000
(9,31),646640540.000000
(9,32),646503680.000000
(9,33),646366820.000000
(9,34),646229960.000000
(9,35),646093100.000000
(9,36),645956240.000000
(9,37),645819380.000000
(9,38),645682520.000000
(9,39),645545660.000000
(10,20),717554000.000000
(10,21),717402740.000000
(10,22),717251480.000000
(10,23),717100220.000000
(10,24),716948960.000000
(10,25),716797700.000000
(10,26),716646440.000000
(10,27),716495180.000000
(10,28),716343920.000000
(10,29),716192660.000000
(10,30),716041400.000000
(10,31),715890140.000000
(10,32),715738880.000000
(10,33),715587620.000000
(10,34),715436360.000000
(10,35),715285100.000000
(10,36),715133840.000000
(10,37),714982580.000000
(10,38),714831320.000000
(10,39),714680060.000000
(11,20),786962000.000000
(11,21),786796340.000000
(11,22),786630680.000000
(11,23),786465020.000000
(11,24),786299360.000000
(11,25),786133700.000000
(11,26),785968040.000000
(11,27),785802380.000000
(11,28),785636720.000000
(11,29),785471060.000000
(11,30),785305400.000000
(11,31),785139740.000000
(11,32),784974080.000000
(11,33),784808420.000000
(11,34),784642760.000000
(11,35),784477100.000000
(11,36),784311440.000000
(11,37),784145780.000000
(11,38),783980120.000000
(11,39),783814460.000000
(12,20),856370000.000000
(12,21),856189940.000000
(12,22),856009880.000000
(12,23),855829820.000000
(12,24),855649760.000000
(12,25),855469700.000000
(12,26),855289640.000000
(12,27),855109580.000000
(12,28),854929520.000000
(12,29),854749460.000000
(12,30),854569400.000000
(12,31),854389340.000000
(12,32),854209280.000000
(12,33),854029220.000000
(12,34),853849160.000000
(12,35),853669100.000000
(12,36),853489040.000000
(12,37),853308980.000000
(12,38),853128920.000000
(12,39),852948860.000000
(13,20),925778000.000000
(13,21),925583540.000000
(13,22),925389080.000000
(13,23),925194620.000000
(13,24),925000160.000000
(13,25),924805700.000000
(13,26),924611240.000000
(13,27),924416780.000000
(13,28),924222320.000000
(13,29),924027860.000000
(13,30),923833400.000000
(13,31),923638940.000000
(13,32),923444480.000000
(13,33),923250020.000000
(13,34),923055560.000000
(13,35),922861100.000000
(13,36),922666640.000000
(13,37),922472180.000000
(13,38),922277720.000000
(13,39),922083260.000000
(14,20),995186000.000000
(14,21),994977140.000000
(14,22),994768280.000000
(14,23),994559420.000000
(14,24),994350560.000000
(14,25),994141700.000000
(14,26),993932840.000000
(14,27),993723980.000000
(14,28),993515120.000000
(14,29),993306260.000000
(14,30),993097400.000000
(14,31),992888540.000000
(14,32),992679680.000000
(14,33),992470820.000000
(14,34),992261960.000000
(14,35),992053100.000000
(14,36),991844240.000000
(14,37),991635380.000000
(14,38),991426520.000000
(14,39),991217660.000000
(15,20),1064594000.000000
(15,21),1064370740.000000
(15,22),1064147480.000000
(15,23),1063924220.000000
(15,24),1063700960.000000
(15,25),1063477700.000000
(15,26),1063254440.000000
(15,27),1063031180.000000
(15,28),1062807920.000000
(15,29),1062584660.000000
(15,30),1062361400.000000
(15,31),1062138140.000000
(15,32),1061914880.000000
(15,33),1061691620.000000
(15,34),1061468360.000000
(15,35),1061245100.000000
(15,36),1061021840.000000
(15,37),1060798580.000000
(15,38),1060575320.000000
(15,39),1060352060.000000
(16,20),1134002000.000000
(16,21),1133764340.000000
(16,22),1133526680.000000
(16,23),1133289020.000000
(16,24),1133051360.000000
(16,25),1132813700.000000
(16,26),1132576040.000000
(16,27),1132338380.000000
(16,28),1132100720.000000
(16,29),1131863060.000000
(16,30),1131625400.000000
(16,31),1131387740.000000
(16,32),1131150080.000000
(16,33),1130912420.000000
(16,34),1130674760.000000
(16,35),1130437100.000000
(16,36),1130199440.000000
(16,37),1129961780.000000
(16,38),1129724120.000000
(16,39),1129486460.000000
(17,20),1203410000.000000
(17,21),1203157940.000000
(17,22),1202905880.000000
(17,23),1202653820.000000
(17,24),1202401760.000000
(17,25),1202149700.000000
(17,26),1201897640.000000
(17,27),1201645580.000000
(17,28),1201393520.000000
(17,29),1201141460.000000
(17,30),1200889400.000000
(17,31),1200637340.000000
(17,32),1200385280.000000
(17,33),1200133220.000000
(17,34),1199881160.000000
(17,35),1199629100.000000
(17,36),1199377040.000000
(17,37),1199124980.000000
(17,38),1198872920.000000
(17,39),1198620860.000000
(18,20),1272818000.000000
(18,21),1272551540.000000
(18,22),1272285080.000000
(18,23),1272018620.000000
(18,24),1271752160.000000
(18,25),1271485700.000000
(18,26),1271219240.000000
(18,27),1270952780.000000
(18,28),1270686320.000000
(18,29),1270419860.000000
(18,30),1270153400.000000
(18,31),1269886940.000000
(18,32),1269620480.000000
(18,33),1269354020.000000
(18,34),1269087560.000000
(18,35),1268821100.000000
(18,36),1268554640.000000
(18,37),1268288180.000000
(18,38),1268021720.000000
(18,39),1267755260.000000
(19,20),1342226000.000000
(19,21),1341945140.000000
(19,22),1341664280.000000
(19,23),1341383420.000000
(19,24),1341102560.000000
(19,25),1340821700.000000
(19,26),1340540840.000000
(19,27),1340259980.000000
(19,28),1339979120.000000
(19,29),1339698260.000000
(19,30),1339417400.000000
(19,31),1339136540.000000
(19,32),1338855680.000000
(19,33),1338574820.000000
(19,34),1338293960.000000
(19,35),1338013100.000000
(19,36),1337732240.000000
(19,37),1337451380.000000
(19,38),1337170520.000000
(19,39),1336889660.000000
(0,40),23328800.000000
(0,41),23321540.000000
(0,42),23314280.000000
(0,43),23307020.000000
(0,44),23299760.000000
(0,45),23292500.000000
(0,46),23285240.000000
(0,47),23277980.000000
(0,48),23270720.000000
(0,49),23263460.000000
(0,50),23256200.000000
(0,51),23248940.000000
(0,52),23241680.000000
(0,53),23234420.000000
(0,54),23227160.000000
(0,55),23219900.000000
(0,56),23212640.000000
(0,57),23205380.000000
(0,58),23198120.000000
(0,59),23190860.000000
(1,40),92448800.000000
(1,41),92427140.000000
(1,42),92405480.000000
(1,43),92383820.000000
(1,44),92362160.000000
(1,45),92340500.000000
(1,46),92318840.000000
(1,47),92297180.000000
(1,48),92275520.000000
(1,49),92253860.000000
(1,50),92232200.000000
(1,51),92210540.000000
(1,52),92188880.000000
(1,53),92167220.000000
(1,54),92145560.000000
(1,55),92123900.000000
(1,56),92102240.000000
(1,57),92080580.000000
(1,58),92058920.000000
(1,59),92037260.000000
(2,40),161568800.000000
(2,41),161532740.000000
(2,42),161496680.000000
(2,43),161460620.000000
(2,44),161424560.000000
(2,45),161388500.000000
(2,46),161352440.000000
(2,47),161316380.000000
(2,48),161280320.000000
(2,49),161244260.000000
(2,50),161208200.000000
(2,51),161172140.000000
(2,52),161136080.000000
(2,53),161100020.000000
(2,54),161063960.000000
(2,55),161027900.000000
(2,56),160991840.000000
(2,57),160955780.000000
(2,58),160919720.000000
(2,59),160883660.000000
(3,40),230688800.000000
(3,41),230638340.000000
(3,42),230587880.000000
(3,43),230537420.000000
(3,44),230486960.000000
(3,45),230436500.000000
(3,46),230386040.000000
(3,47),230335580.000000
(3,48),230285120.000000
(3,49),230234660.000000
(3,50),230184200.000000
(3,51),230133740.000000
(3,52),230083280.000000
(3,53),230032820.000000
(3,54),229982360.000000
(3,55),229931900.000000
(3,56),229881440.000000
(3,57),229830980.000000
(3,58),229780520.000000
(3,59),229730060.000000
(4,40),299808800.000000
(4,41),299743940.000000
(4,42),299679080.000000
(4,43),299614220.000000
(4,44),299549360.000000
(4,45),299484500.000000
(4,46),299419640.000000
(4,47),299354780.000000
(4,48),299289920.000000
(4,49),299225060.000000
(4,50),299160200.000000
(4,51),299095340.000000
(4,52),299030480.000000
(4,53),298965620.000000
(4,54),298900760.000000
(4,55),298835900.000000
(4,56),298771040.000000
(4,57),298706180.000000
(4,58),298641320.000000
(4,59),298576460.000000
(5,40),368928800.000000
(5,41),368849540.000000
(5,42),368770280.000000
(5,43),368691020.000000
(5,44),368611760.000000
(5,45),368532500.000000
(5,46),368453240.000000
(5,47),368373980.000000
(5,48),368294720.000000
(5,49),368215460.000000
(5,50),368136200.000000
(5,51),368056940.000000
(5,52),367977680.000000
(5,53),367898420.000000
(5,54),367819160.000000
(5,55),367739900.000000
(5,56),367660640.000000
(5,57),367581380.000000
(5,58),367502120.000000
(5,59),367422860.000000
(6,40),438048800.000000
(6,41),437955140.000000
(6,42),437861480.000000
(6,43),437767820.000000
(6,44),437674160.000000
(6,45),437580500.000000
(6,46),437486840.000000
(6,47),437393180.000000
(6,48),437299520.000000
(6,49),437205860.000000
(6,50),437112200.000000
(6,51),437018540.000000
(6,52),436924880.000000
(6,53),436831220.000000
(6,54),436737560.000000
(6,55),436643900.000000
(6,56),436550240.000000
(6,57),436456580.000000
(6,58),436362920.000000
(6,59),436269260.000000
(7,40),507168800.000000
(7,41),507060740.000000
(7,42),506952680.000000
(7,43),506844620.000000
(7,44),506736560.000000
(7,45),506628500.000000
(7,46),506520440.000000
(7,47),506412380.000000
(7,48),506304320.000000
(7,49),506196260.000000
(7,50),506088200.000000
(7,51),505980140.000000
(7,52),505872080.000000
(7,53),505764020.000000
(7,54),505655960.000000
(7,55),505547900.000000
(7,56),505439840.000000
(7,57),505331780.000000
(7,58),505223720.000000
(7,59),505115660.000000
(8,40),576288800.000000
(8,41),576166340.000000
(8,42),576043880.000000
(8,43),575921420.000000
(8,44),575798960.000000
(8,45),575676500.000000
(8,46),575554040.000000
(8,47),575431580.000000
(8,48),575309120.000000
(8,49),575186660.000000
(8,50),575064200.000000
(8,51),574941740.000000
(8,52),574819280.000000
(8,53),574696820.000000
(8,54),574574360.000000
(8,55),574451900.000000
(8,56),574329440.000000
(8,57),574206980.000000
(8,58),574084520.000000
(8,59),573962060.000000
(9,40),645408800.000000
(9,41),645271940.000000
(9,42),645135080.000000
(9,43),644998220.000000
(9,44),644861360.000000
(9,45),644724500.000000
(9,46),644587640.000000
(9,47),644450780.000000
(9,48),644313920.000000
(9,49),644177060.000000
(9,50),644040200.000000
(9,51),643903340.000000
(9,52),643766480.000000
(9,53),643629620.000000
(9,54),643492760.000000
(9,55),643355900.000000
(9,56),643219040.000000
(9,57),643082180.000000
(9,58),642945320.000000
(9,59),642808460.000000
(10,40),714528800.000000
(10,41),714377540.000000
(10,42),714226280.000000
(10,43),714075020.000000
(10,44),713923760.000000
(10,45),713772500.000000
(10,46),713621240.000000
(10,47),713469980.000000
(10,48),713318720.000000
(10,49),713167460.000000
(10,50),713016200.000000
(10,51),712864940.000000
(10,52),712713680.000000
(10,53),712562420.000000
(10,54),712411160.000000
(10,55),712259900.000000
(10,56),712108640.000000
(10,57),711957380.000000
(10,58),711806120.000000
(10,59),711654860.000000
(11,40),783648800.000000
(11,41),783483140.000000
(11,42),783317480.000000
(11,43),783151820.000000
(11,44),782986160.000000
(11,45),782820500.000000
(11,46),782654840.000000
(11,47),782489180.000000
(11,48),782323520.000000
(11,49),782157860.000000
(11,50),781992200.000000
(11,51),781826540.000000
(11,52),781660880.000000
(11,53),781495220.000000
(11,54),781329560.000000
(11,55),781163900.000000
(11,56),780998240.000000
(11,57),780832580.000000
(11,58),780666920.000000
(11,59),780501260.000000
(12,40),852768800.000000
(12,41),852588740.000000
(12,42),852408680.000000
(12,43),852228620.000000
(12,44),852048560.000000
(12,45),851868500.000000
(12,46),851688440.000000
(12,47),851508380.000000
(12,48),851328320.000000
(12,49),851148260.000000
(12,50),850968200.000000
(12,51),850788140.000000
(12,52),850608080.000000
(12,53),850428020.000000
(12,54),850247960.000000
(12,55),850067900.000000
(12,56),849887840.000000
(12,57),849707780.000000
(12,58),849527720.000000
(12,59),849347660.000000
(13,40),921888800.000000
(13,41),921694340.000000
(13,42),921499880.000000
(13,43),921305420.000000
(13,44),921110960.000000
(13,45),920916500.000000
(13,46),920722040.000000
(13,47),920527580.000000
(13,48),920333120.000000
(13,49),920138660.000000
(13,50),919944200.000000
(13,51),919749740.000000
(13,52),919555280.000000
(13,53),919360820.000000
(13,54),919166360.000000
(13,55),918971900.000000
(13,56),918777440.000000
(13,57),918582980.000000
(13,58),918388520.000000
(13,59),918194060.000000
(14,40),991008800.000000
(14,41),990799940.000000
(14,42),990591080.000000
(14,43),990382220.000000
(14,44),990173360.000000
(14,45),989964500.000000
(14,46),989755640.000000
(14,47),989546780.000000
(14,48),989337920.000000
(14,49),989129060.000000
(14,50),988920200.000000
(14,51),988711340.000000
(14,52),988502480.000000
(14,53),988293620.000000
(14,54),988084760.000000
(14,55),987875900.000000
(14,56),987667040.000000
(14,57),987458180.000000
(14,58),987249320.000000
(14,59),987040460.000000
(15,40),1060128800.000000
(15,41),1059905540.000000
(15,42),1059682280.000000
(15,43),1059459020.000000
(15,44),1059235760.000000
(15,45),1059012500.000000
(15,46),1058789240.000000
(15,47),1058565980.000000
(15,48),1058342720.000000
(15,49),1058119460.000000
(15,50),1057896200.000000
(15,51),1057672940.000000
(15,52),1057449680.000000
(15,53),1057226420.000000
(15,54),1057003160.000000
(15,55),1056779900.000000
(15,56),1056556640.000000
(15,57),1056333380.000000
(15,58),1056110120.000000
(15,59),1055886860.000000
(16,40),1129248800.000000
(16,41),1129011140.000000
(16,42),1128773480.000000
(16,43),1128535820.000000
(16,44),1128298160.000000
(16,45),1128060500.000000
(16,46),1127822840.000000
(16,47),1127585180.000000
(16,48),1127347520.000000
(16,49),1127109860.000000
(16,50),1126872200.000000
(16,51),1126634540.000000
(16,52),1126396880.000000
(16,53),1126159220.000000
(16,54),1125921560.000000
(16,55),1125683900.000000
(16,56),1125446240.000000
(16,57),1125208580.000000
(16,58),1124970920.000000
(16,59),1124733260.000000
(17,40),1198368800.000000
(17,41),1198116740.000000
(17,42),1197864680.000000
(17,43),1197612620.000000
(17,44),1197360560.000000
(17,45),1197108500.000000
(17,46),1196856440.000000
(17,47),1196604380.000000
(17,48),1196352320.000000
(17,49),1196100260.000000
(17,50),1195848200.000000
(17,51),1195596140.000000
(17,52),1195344080.000000
(17,53),1195092020.000000
(17,54),1194839960.000000
(17,55),1194587900.000000
(17,56),1194335840.000000
(17,57),1194083780.000000
(17,58),1193831720.000000
(17,59),1193579660.000000
(18,40),1267488800.000000
(18,41),1267222340.000000
(18,42),1266955880.000000
(18,43),1266689420.000000
(18,44),1266422960.000000
(18,45),1266156500.000000
(18,46),1265890040.000000
(18,47),1265623580.000000
(18,48),1265357120.000000
(18,49),1265090660.000000
(18,50),1264824200.000000
(18,51),1264557740.000000
(18,52),1264291280.000000
(18,53),1264024820.000000
(18,54),1263758360.000000
(18,55),1263491900.000000
(18,56),1263225440.000000
(18,57),1262958980.000000
(18,58),1262692520.000000
(18,59),1262426060.000000
(19,40),1336608800.000000
(19,41),1336327940.000000
(19,42),1336047080.000000
(19,43),1335766220.000000
(19,44),1335485360.000000
(19,45),1335204500.000000
(19,46),1334923640.000000
(19,47),1334642780.000000
(19,48),1334361920.000000
(19,49),1334081060.000000
(19,50),1333800200.000000
(19,51),1333519340.000000
(19,52),1333238480.000000
(19,53),1332957620.000000
(19,54),1332676760.000000
(19,55),1332395900.000000
(19,56),1332115040.000000
(19,57),1331834180.000000
(19,58),1331553320.000000
(19,59),1331272460.000000
(0,60),23183600.000000
(0,61),23176340.000000
(0,62),23169080.000000
(0,63),23161820.000000
(0,64),23154560.000000
(0,65),23147300.000000
(0,66),23140040.000000
(0,67),23132780.000000
(0,68),23125520.000000
(0,69),23118260.000000
(0,70),23111000.000000
(0,71),23103740.000000
(0,72),23096480.000000
(0,73),23089220.000000
(0,74),23081960.000000
(0,75),23074700.000000
(0,76),23067440.000000
(0,77),23060180.000000
(0,78),23052920.000000
(0,79),23045660.000000
(1,60),92015600.000000
(1,61),91993940.000000
(1,62),91972280.000000
(1,63),91950620.000000
(1,64),91928960.000000
(1,65),91907300.000000
(1,66),91885640.000000
(1,67),91863980.000000
(1,68),91842320.000000
(1,69),91820660.000000
(1,70),91799000.000000
(1,71),91777340.000000
(1,72),91755680.000000
(1,73),91734020.000000
(1,74),91712360.000000
(1,75),91690700.000000
(1,76),91669040.000000
(1,77),91647380.000000
(1,78),91625720.000000
(1,79),91604060.000000
(2,60),160847600.000000
(2,61),160811540.000000
(2,62),160775480.000000
(2,63),160739420.000000
(2,64),160703360.000000
(2,65),160667300.000000
(2,66),160631240.000000
(2,67),160595180.000000
(2,68),160559120.000000
(2,69),160523060.000000
(2,70),160487000.000000
(2,71),160450940.000000
(2,72),160414880.000000
(2,73),160378820.000000
(2,74),160342760.000000
(2,75),160306700.000000
(2,76),160270640.000000
(2,77),160234580.000000
(2,78),160198520.000000
(2,79),160162460.000000
(3,60),229679600.000000
(3,61),229629140.000000
(3,62),229578680.000000
(3,63),229528220.000000
(3,64),229477760.000000
(3,65),229427300.000000
(3,66),229376840.000000
(3,67),229326380.000000
(3,68),229275920.000000
(3,69),229225460.000000
(3,70),229175000.000000
(3,71),229124540.000000
(3,72),229074080.000000
(3,73),229023620.000000
(3,74),228973160.000000
(3,75),228922700.000000
(3,76),228872240.000000
(3,77),228821780.000000
(3,78),228771320.000000
(3,79),228720860.000000
(4,60),298511600.000000
(4,61),298446740.000000
(4,62),298381880.000000
(4,63),298317020.000000
(4,64),298252160.000000
(4,65),298187300.000000
(4,66),298122440.000000
(4,67),298057580.000000
(4,68),297992720.000000
(4,69),297927860.000000
(4,70),297863000.000000
(4,71),297798140.000000
(4,72),297733280.000000
(4,73),297668420.000000
(4,74),297603560.000000
(4,75),297538700.000000
(4,76),297473840.000000
(4,77),297408980.000000
(4,78),297344120.000000
(4,79),297279260.000000
(5,60),367343600.000000
(5,61),367264340.000000
(5,62),367185080.000000
(5,63),367105820.000000
(5,64),367026560.000000
(5,65),366947300.000000
(5,66),366868040.000000
(5,67),366788780.000000
(5,68),366709520.000000
(5,69),366630260.000000
(5,70),366551000.000000
(5,71),366471740.000000
(5,72),366392480.000000
(5,73),366313220.000000
(5,74),366233960.000000
(5,75),366154700.000000
(5,76),366075440.000000
(5,77),365996180.000000
(5,78),365916920.000000
(5,79),365837660.000000
(6,60),436175600.000000
(6,61),436081940.000000
(6,62),435988280.000000
(6,63),435894620.000000
(6,64),435800960.000000
(6,65),435707300.000000
(6,66),435613640.000000
(6,67),435519980.000000
(6,68),435426320.000000
(6,69),435332660.000000
(6,70),435239000.000000
(6,71),435145340.000000
(6,72),435051680.000000
(6,73),434958020.000000
(6,74),434864360.000000
(6,75),434770700.000000
(6,76),434677040.000000
(6,77),434583380.000000
(6,78),434489720.000000
(6,79),434396060.000000
(7,60),505007600.000000
(7,61),504899540.000000
(7,62),504791480.000000
(7,63),504683420.000000
(7,64),504575360.000000
(7,65),504467300.000000
(7,66),504359240.000000
(7,67),504251180.000000
(7,68),504143120.000000
(7,69),504035060.000000
(7,70),503927000.000000
(7,71),503818940.000000
(7,72),503710880.000000
(7,73),503602820.000000
(7,74),503494760.000000
(7,75),503386700.000000
(7,76),503278640.000000
(7,77),503170580.000000
(7,78),503062520.000000
(7,79),502954460.000000
(8,60),573839600.000000
(8,61),573717140.000000
(8,62),573594680.000000
(8,63),573472220.000000
(8,64),573349760.000000
(8,65),573227300.000000
(8,66),573104840.000000
(8,67),572982380.000000
(8,68),572859920.000000
(8,69),572737460.000000
(8,70),572615000.000000
(8,71),572492540.000000
(8,72),572370080.000000
(8,73),572247620.000000
(8,74),572125160.000000
(8,75),572002700.000000
(8,76),571880240.000000
(8,77),571757780.000000
(8,78),571635320.000000
(8,79),571512860.000000
(9,60),642671600.000000
(9,61),642534740.000000
(9,62),642397880.000000
(9,63),642261020.000000
(9,64),642124160.000000
(9,65),641987300.000000
(9,66),641850440.000000
(9,67),641713580.000000
(9,68),641576720.000000
(9,69),641439860.000000
(9,70),641303000.000000
(9,71),641166140.000000
(9,72),641029280.000000
(9,73),640892420.000000
(9,74),640755560.000000
(9,75),640618700.000000
(9,76),640481840.000000
(9,77),640344980.000000
(9,78),640208120.000000
(9,79),640071260.000000
(10,60),711503600.000000
(10,61),711352340.000000
(10,62),711201080.000000
(10,63),711049820.000000
(10,64),710898560.000000
(10,65),710747300.000000
(10,66),710596040.000000
(10,67),710444780.000000
(10,68),710293520.000000
(10,69),710142260.000000
(10,70),709991000.000000
(10,71),709839740.000000
(10,72),709688480.000000
(10,73),709537220.000000
(10,74),709385960.000000
(10,75),709234700.000000
(10,76),709083440.000000
(10,77),708932180.000000
(10,78),708780920.000000
(10,79),708629660.000000
(11,60),780335600.000000
(11,61),780169940.000000
(11,62),780004280.000000
(11,63),779838620.000000
(11,64),779672960.000000
(11,65),779507300.000000
(11,66),779341640.000000
(11,67),779175980.000000
(11,68),779010320.000000
(11,69),778844660.000000
(11,70),778679000.000000
(11,71),778513340.000000
(11,72),778347680.000000
(11,73),778182020.000000
(11,74),778016360.000000
(11,75),777850700.000000
(11,76),777685040.000000
(11,77),777519380.000000
(11,78),777353720.000000
(11,79),777188060.000000
(12,60),849167600.000000
(12,61),848987540.000000
(12,62),848807480.000000
(12,63),848627420.000000
(12,64),848447360.000000
(12,65),848267300.000000
(12,66),848087240.000000
(12,67),847907180.000000
(12,68),847727120.000000
(12,69),847547060.000000
(12,70),847367000.000000
(12,71),847186940.000000
(12,72),847006880.000000
(12,73),846826820.000000
(12,74),846646760.000000
(12,75),846466700.000000
(12,76),846286640.000000
(12,77),846106580.000000
(12,78),845926520.000000
(12,79),845746460.000000
(13,60),917999600.000000
(13,61),917805140.000000
(13,62),917610680.000000
(13,63),917416220.000000
(13,64),917221760.000000
(13,65),917027300.000000
(13,66),916832840.000000
(13,67),916638380.000000
(13,68),916443920.000000
(13,69),916249460.000000
(13,70),916055000.000000
(13,71),915860540.000000
(13,72),915666080.000000
(13,73),915471620.000000
(13,74),915277160.000000
(13,75),915082700.000000
(13,76),914888240.000000
(13,77),914693780.000000
(13,78),914499320.000000
(13,79),914304860.000000
(14,60),986831600.000000
(14,61),986622740.000000
(14,62),986413880.000000
(14,63),986205020.000000
(14,64),985996160.000000
(14,65),985787300.000000
(14,66),985578440.000000
(14,67),985369580.000000
(14,68),985160720.000000
(14,69),984951860.000000
(14,70),984743000.000000
(14,71),984534140.000000
(14,72),984325280.000000
(14,73),984116420.000000
(14,74),983907560.000000
(14,75),983698700.000000
(14,76),983489840.000000
(14,77),983280980.000000
(14,78),983072120.000000
(14,79),982863260.000000
(15,60),1055663600.000000
(15,61),1055440340.000000
(15,62),1055217080.000000
(15,63),1054993820.000000
(15,64),1054770560.000000
(15,65),1054547300.000000
(15,66),1054324040.000000
(15,67),1054100780.000000
(15,68),1053877520.000000
(15,69),1053654260.000000
(15,70),1053431000.000000
(15,71),1053207740.000000
(15,72),1052984480.000000
(15,73),1052761220.000000
(15,74),1052537960.000000
(15,75),1052314700.000000
(15,76),1052091440.000000
(15,77),1051868180.000000
(15,78),1051644920.000000
(15,79),1051421660.000000
(16,60),1124495600.000000
(16,61),1124257940.000000
(16,62),1124020280.000000
(16,63),1123782620.000000
(16,64),1123544960.000000
(16,65),1123307300.000000
(16,66),1123069640.000000
(16,67),1122831980.000000
(16,68),1122594320.000000
(16,69),1122356660.000000
(16,70),1122119000.000000
(16,71),1121881340.000000
(16,72),1121643680.000000
(16,73),1121406020.000000
(16,74),1121168360.000000
(16,75),1120930700.000000
(16,76),1120693040.000000
(16,77),1120455380.000000
(16,78),1120217720.000000
(16,79),1119980060.000000
(17,60),1193327600.000000
(17,61),1193075540.000000
(17,62),1192823480.000000
(17,63),1192571420.000000
(17,64),1192319360.000000
(17,65),1192067300.000000
(17,66),1191815240.000000
(17,67),1191563180.000000
(17,68),1191311120.000000
(17,69),1191059060.000000
(17,70),1190807000.000000
(17,71),1190554940.000000
(17,72),1190302880.000000
(17,73),1190050820.000000
(17,74),1189798760.000000
(17,75),1189546700.000000
(17,76),1189294640.000000
(17,77),1189042580.000000
(17,78),1188790520.000000
(17,79),1188538460.000000
(18,60),1262159600.000000
(18,61),1261893140.000000
(18,62),1261626680.000000
(18,63),1261360220.000000
(18,64),1261093760.000000
(18,65),1260827300.000000
(18,66),1260560840.000000
(18,67),1260294380.000000
(18,68),1260027920.000000
(18,69),1259761460.000000
(18,70),1259495000.000000
(18,71),1259228540.000000
(18,72),1258962080.000000
(18,73),1258695620.000000
(18,74),1258429160.000000
(18,75),1258162700.000000
(18,76),1257896240.000000
(18,77),1257629780.000000
(18,78),1257363320.000000
(18,79),1257096860.000000
(19,60),1330991600.000000
(19,61),1330710740.000000
(19,62),1330429880.000000
(19,63),1330149020.000000
(19,64),1329868160.000000
(19,65),1329587300.000000
(19,66),1329306440.000000
(19,67),1329025580.000000
(19,68),1328744720.000000
(19,69),1328463860.000000
(19,70),1328183000.000000
(19,71),1327902140.000000
(19,72),1327621280.000000
(19,73),1327340420.000000
(19,74),1327059560.000000
(19,75),1326778700.000000
(19,76),1326497840.000000
(19,77),1326216980.000000
(19,78),1325936120.000000
(19,79),1325655260.000000
(20,0),1417539200.000000
(20,1),1417243940.000000
(20,2),1416948680.000000
(20,3),1416653420.000000
(20,4),1416358160.000000
(20,5),1416062900.000000
(20,6),1415767640.000000
(20,7),1415472380.000000
(20,8),1415177120.000000
(20,9),1414881860.000000
(20,10),1414586600.000000
(20,11),1414291340.000000
(20,12),1413996080.000000
(20,13),1413700820.000000
(20,14),1413405560.000000
(20,15),1413110300.000000
(20,16),1412815040.000000
(20,17),1412519780.000000
(20,18),1412224520.000000
(20,19),1411929260.000000
(21,0),1487235200.000000
(21,1),1486925540.000000
(21,2),1486615880.000000
(21,3),1486306220.000000
(21,4),1485996560.000000
(21,5),1485686900.000000
(21,6),1485377240.000000
(21,7),1485067580.000000
(21,8),1484757920.000000
(21,9),1484448260.000000
(21,10),1484138600.000000
(21,11),1483828940.000000
(21,12),1483519280.000000
(21,13),1483209620.000000
(21,14),1482899960.000000
(21,15),1482590300.000000
(21,16),1482280640.000000
(21,17),1481970980.000000
(21,18),1481661320.000000
(21,19),1481351660.000000
(22,0),1556931200.000000
(22,1),1556607140.000000
(22,2),1556283080.000000
(22,3),1555959020.000000
(22,4),1555634960.000000
(22,5),1555310900.000000
(22,6),1554986840.000000
(22,7),1554662780.000000
(22,8),1554338720.000000
(22,9),1554014660.000000
(22,10),1553690600.000000
(22,11),1553366540.000000
(22,12),1553042480.000000
(22,13),1552718420.000000
(22,14),1552394360.000000
(22,15),1552070300.000000
(22,16),1551746240.000000
(22,17),1551422180.000000
(22,18),1551098120.000000
(22,19),1550774060.000000
(23,0),1626627200.000000
(23,1),1626288740.000000
(23,2),1625950280.000000
(23,3),1625611820.000000
(23,4),1625273360.000000
(23,5),1624934900.000000
(23,6),1624596440.000000
(23,7),1624257980.000000
(23,8),1623919520.000000
(23,9),1623581060.000000
(23,10),1623242600.000000
(23,11),1622904140.000000
(23,12),1622565680.000000
(23,13),1622227220.000000
(23,14),1621888760.000000
(23,15),1621550300.000000
(23,16),1621211840.000000
(23,17),1620873380.000000
(23,18),1620534920.000000
(23,19),1620196460.000000
(24,0),1696323200.000000
(24,1),1695970340.000000
(24,2),1695617480.000000
(24,3),1695264620.000000
(24,4),1694911760.000000
(24,5),1694558900.000000
(24,6),1694206040.000000
(24,7),1693853180.000000
(24,8),1693500320.000000
(24,9),1693147460.000000
(24,10),1692794600.000000
(24,11),1692441740.000000
(24,12),1692088880.000000
(24,13),1691736020.000000
(24,14),1691383160.000000
(24,15),1691030300.000000
(24,16),1690677440.000000
(24,17),1690324580.000000
(24,18),1689971720.000000
(24,19),1689618860.000000
(25,0),1766019200.000000
(25,1),1765651940.000000
(25,2),1765284680.000000
(25,3),1764917420.000000
(25,4),1764550160.000000
(25,5),1764182900.000000
(25,6),1763815640.000000
(25,7),1763448380.000000
(25,8),1763081120.000000
(25,9),1762713860.000000
(25,10),1762346600.000000
(25,11),1761979340.000000
(25,12),1761612080.000000
(25,13),1761244820.000000
(25,14),1760877560.000000
(25,15),1760510300.000000
(25,16),1760143040.000000
(25,17),1759775780.000000
(25,18),1759408520.000000
(25,19),1759041260.000000
(26,0),1835715200.000000
(26,1),1835333540.000000
(26,2),1834951880.000000
(26,3),1834570220.000000
(26,4),1834188560.000000
(26,5),1833806900.000000
(26,6),1833425240.000000
(26,7),1833043580.000000
(26,8),1832661920.000000
(26,9),1832280260.000000
(26,10),1831898600.000000
(26,11),1831516940.000000
(26,12),1831135280.000000
(26,13),1830753620.000000
(26,14),1830371960.000000
(26,15),1829990300.000000
(26,16),1829608640.000000
(26,17),1829226980.000000
(26,18),1828845320.000000
(26,19),1828463660.000000
(27,0),1905411200.000000
(27,1),1905015140.000000
(27,2),1904619080.000000
(27,3),1904223020.000000
(27,4),1903826960.000000
(27,5),1903430900.000000
(27,6),1903034840.000000
(27,7),1902638780.000000
(27,8),1902242720.000000
(27,9),1901846660.000000
(27,10),1901450600.000000
(27,11),1901054540.000000
(27,12),1900658480.000000
(27,13),1900262420.000000
(27,14),1899866360.000000
(27,15),1899470300.000000
(27,16),1899074240.000000
(27,17),1898678180.000000
(27,18),1898282120.000000
(27,19),1897886060.000000
(28,0),1975107200.000000
(28,1),1974696740.000000
(28,2),1974286280.000000
(28,3),1973875820.000000
(28,4),1973465360.000000
(28,5),1973054900.000000
(28,6),1972644440.000000
(28,7),1972233980.000000
(28,8),1971823520.000000
(28,9),1971413060.000000
(28,10),1971002600.000000
(28,11),1970592140.000000
(28,12),1970181680.000000
(28,13),1969771220.000000
(28,14),1969360760.000000
(28,15),1968950300.000000
(28,16),1968539840.000000
(28,17),1968129380.000000
(28,18),1967718920.000000
(28,19),1967308460.000000
(29,0),2044803200.000000
(29,1),2044378340.000000
(29,2),2043953480.000000
(29,3),2043528620.000000
(29,4),2043103760.000000
(29,5),2042678900.000000
(29,6),2042254040.000000
(29,7),2041829180.000000
(29,8),2041404320.000000
(29,9),2040979460.000000
(29,10),2040554600.000000
(29,11),2040129740.000000
(29,12),2039704880.000000
(29,13),2039280020.000000
(29,14),2038855160.000000
(29,15),2038430300.000000
(29,16),2038005440.000000
(29,17),2037580580.000000
(29,18),2037155720.000000
(29,19),2036730860.000000
(30,0),2114499200.000000
(30,1),2114059940.000000
(30,2),2113620680.000000
(30,3),2113181420.000000
(30,4),2112742160.000000
(30,5),2112302900.000000
(30,6),2111863640.000000
(30,7),2111424380.000000
(30,8),2110985120.000000
(30,9),2110545860.000000
(30,10),2110106600.000000
(30,11),2109667340.000000
(30,12),2109228080.000000
(30,13),2108788820.000000
(30,14),2108349560.000000
(30,15),2107910300.000000
(30,16),2107471040.000000
(30,17),2107031780.000000
(30,18),2106592520.000000
(30,19),2106153260.000000
(31,0),2184195200.000000
(31,1),2183741540.000000
(31,2),2183287880.000000
(31,3),2182834220.000000
(31,4),2182380560.000000
(31,5),2181926900.000000
(31,6),2181473240.000000
(31,7),2181019580.000000
(31,8),2180565920.000000
(31,9),2180112260.000000
(31,10),2179658600.000000
(31,11),2179204940.000000
(31,12),2178751280.000000
(31,13),2178297620.000000
(31,14),2177843960.000000
(31,15),2177390300.000000
(31,16),2176936640.000000
(31,17),2176482980.000000
(31,18),2176029320.000000
(31,19),2175575660.000000
(32,0),2253891200.000000
(32,1),2253423140.000000
(32,2),2252955080.000000
(32,3),2252487020.000000
(32,4),2252018960.000000
(32,5),2251550900.000000
(32,6),2251082840.000000
(32,7),2250614780.000000
(32,8),2250146720.000000
(32,9),2249678660.000000
(32,10),2249210600.000000
(32,11),2248742540.000000
(32,12),2248274480.000000
(32,13),2247806420.000000
(32,14),2247338360.000000
(32,15),2246870300.000000
(32,16),2246402240.000000
(32,17),2245934180.000000
(32,18),2245466120.000000
(32,19),2244998060.000000
(33,0),2323587200.000000
(33,1),2323104740.000000
(33,2),2322622280.000000
(33,3),2322139820.000000
(33,4),2321657360.000000
(33,5),2321174900.000000
(33,6),2320692440.000000
(33,7),2320209980.000000
(33,8),2319727520.000000
(33,9),2319245060.000000
(33,10),2318762600.000000
(33,11),2318280140.000000
(33,12),2317797680.000000
(33,13),2317315220.000000
(33,14),2316832760.000000
(33,15),2316350300.000000
(33,16),2315867840.000000
(33,17),2315385380.000000
(33,18),2314902920.000000
(33,19),2314420460.000000
(34,0),2393283200.000000
(34,1),2392786340.000000
(34,2),2392289480.000000
(34,3),2391792620.000000
(34,4),2391295760.000000
(34,5),2390798900.000000
(34,6),2390302040.000000
(34,7),2389805180.000000
(34,8),2389308320.000000
(34,9),2388811460.000000
(34,10),2388314600.000000
(34,11),2387817740.000000
(34,12),2387320880.000000
(34,13),2386824020.000000
(34,14),2386327160.000000
(34,15),2385830300.000000
(34,16),2385333440.000000
(34,17),2384836580.000000
(34,18),2384339720.000000
(34,19),2383842860.000000
(35,0),2462979200.000000
(35,1),2462467940.000000
(35,2),2461956680.000000
(35,3),2461445420.000000
(35,4),2460934160.000000
(35,5),2460422900.000000
(35,6),2459911640.000000
(35,7),2459400380.000000
(35,8),2458889120.000000
(35,9),2458377860.000000
(35,10),2457866600.000000
(35,11),2457355340.000000
(35,12),2456844080.000000
(35,13),2456332820.000000
(35,14),2455821560.000000
(35,15),2455310300.000000
(35,16),2454799040.000000
(35,17),2454287780.000000
(35,18),2453776520.000000
(35,19),2453265260.000000
(36,0),2532675200.000000
(36,1),2532149540.000000
(36,2),2531623880.000000
(36,3),2531098220.000000
(36,4),2530572560.000000
(36,5),2530046900.000000
(36,6),2529521240.000000
(36,7),2528995580.000000
(36,8),2528469920.000000
(36,9),2527944260.000000
(36,10),2527418600.000000
(36,11),2526892940.000000
(36,12),2526367280.000000
(36,13),2525841620.000000
(36,14),2525315960.000000
(36,15),2524790300.000000
(36,16),2524264640.000000
(36,17),2523738980.000000
(36,18),2523213320.000000
(36,19),2522687660.000000
(37,0),2602371200.000000
(37,1),2601831140.000000
(37,2),2601291080.000000
(37,3),2600751020.000000
(37,4),2600210960.000000
(37,5),2599670900.000000
(37,6),2599130840.000000
(37,7),2598590780.000000
(37,8),2598050720.000000
(37,9),2597510660.000000
(37,10),2596970600.000000
(37,11),2596430540.000000
(37,12),2595890480.000000
(37,13),2595350420.000000
(37,14),2594810360.000000
(37,15),2594270300.000000
(37,16),2593730240.000000
(37,17),2593190180.000000
(37,18),2592650120.000000
(37,19),2592110060.000000
(38,0),2672067200.000000
(38,1),2671512740.000000
(38,2),2670958280.000000
(38,3),2670403820.000000
(38,4),2669849360.000000
(38,5),2669294900.000000
(38,6),2668740440.000000
(38,7),2668185980.000000
(38,8),2667631520.000000
(38,9),2667077060.000000
(38,10),2666522600.000000
(38,11),2665968140.000000
(38,12),2665413680.000000
(38,13),2664859220.000000
(38,14),2664304760.000000
(38,15),2663750300.000000
(38,16),2663195840.000000
(38,17),2662641380.000000
(38,18),2662086920.000000
(38,19),2661532460.000000
(39,0),2741763200.000000
(39,1),2741194340.000000
(39,2),2740625480.000000
(39,3),2740056620.000000
(39,4),2739487760.000000
(39,5),2738918900.000000
(39,6),2738350040.000000
(39,7),2737781180.000000
(39,8),2737212320.000000
(39,9),2736643460.000000
(39,10),2736074600.000000
(39,11),2735505740.000000
(39,12),2734936880.000000
(39,13),2734368020.000000
(39,14),2733799160.000000
(39,15),2733230300.000000
(39,16),2732661440.000000
(39,17),2732092580.000000
(39,18),2731523720.000000
(39,19),2730954860.000000
(20,20),1411634000.000000
(20,21),1411338740.000000
(20,22),1411043480.000000
(20,23),1410748220.000000
(20,24),1410452960.000000
(20,25),1410157700.000000
(20,26),1409862440.000000
(20,27),1409567180.000000
(20,28),1409271920.000000
(20,29),1408976660.000000
(20,30),1408681400.000000
(20,31),1408386140.000000
(20,32),1408090880.000000
(20,33),1407795620.000000
(20,34),1407500360.000000
(20,35),1407205100.000000
(20,36),1406909840.000000
(20,37),1406614580.000000
(20,38),1406319320.000000
(20,39),1406024060.000000
(21,20),1481042000.000000
(21,21),1480732340.000000
(21,22),1480422680.000000
(21,23),1480113020.000000
(21,24),1479803360.000000
(21,25),1479493700.000000
(21,26),1479184040.000000
(21,27),1478874380.000000
(21,28),1478564720.000000
(21,29),1478255060.000000
(21,30),1477945400.000000
(21,31),1477635740.000000
(21,32),1477326080.000000
(21,33),1477016420.000000
(21,34),1476706760.000000
(21,35),1476397100.000000
(21,36),1476087440.000000
(21,37),1475777780.000000
(21,38),1475468120.000000
(21,39),1475158460.000000
(22,20),1550450000.000000
(22,21),1550125940.000000
(22,22),1549801880.000000
(22,23),1549477820.000000
(22,24),1549153760.000000
(22,25),1548829700.000000
(22,26),1548505640.000000
(22,27),1548181580.000000
(22,28),1547857520.000000
(22,29),1547533460.000000
(22,30),1547209400.000000
(22,31),1546885340.000000
(22,32),1546561280.000000
(22,33),1546237220.000000
(22,34),1545913160.000000
(22,35),1545589100.000000
(22,36),1545265040.000000
(22,37),1544940980.000000
(22,38),1544616920.000000
(22,39),1544292860.000000
(23,20),1619858000.000000
(23,21),1619519540.000000
(23,22),1619181080.000000
(23,23),1618842620.000000
(23,24),1618504160.000000
(23,25),1618165700.000000
(23,26),1617827240.000000
(23,27),1617488780.000000
(23,28),1617150320.000000
(23,29),1616811860.000000
(23,30),1616473400.000000
(23,31),1616134940.000000
(23,32),1615796480.000000
(23,33),1615458020.000000
(23,34),1615119560.000000
(23,35),1614781100.000000
(23,36),1614442640.000000
(23,37),1614104180.000000
(23,38),1613765720.000000
(23,39),1613427260.000000
(24,20),1689266000.000000
(24,21),1688913140.000000
(24,22),1688560280.000000
(24,23),1688207420.000000
(24,24),1687854560.000000
(24,25),1687501700.000000
(24,26),1687148840.000000
(24,27),1686795980.000000
(24,28),1686443120.000000
(24,29),1686090260.000000
(24,30),1685737400.000000
(24,31),1685384540.000000
(24,32),1685031680.000000
(24,33),1684678820.000000
(24,34),1684325960.000000
(24,35),1683973100.000000
(24,36),1683620240.000000
(24,37),1683267380.000000
(24,38),1682914520.000000
(24,39),1682561660.000000
(25,20),1758674000.000000
(25,21),1758306740.000000
(25,22),1757939480.000000
(25,23),1757572220.000000
(25,24),1757204960.000000
(25,25),1756837700.000000
(25,26),1756470440.000000
(25,27),1756103180.000000
(25,28),1755735920.000000
(25,29),1755368660.000000
(25,30),1755001400.000000
(25,31),1754634140.000000
(25,32),1754266880.000000
(25,33),1753899620.000000
(25,34),1753532360.000000
(25,35),1753165100.000000
(25,36),1752797840.000000
(25,37),1752430580.000000
(25,38),1752063320.000000
(25,39),1751696060.000000
(26,20),1828082000.000000
(26,21),1827700340.000000
(26,22),1827318680.000000
(26,23),1826937020.000000
(26,24),1826555360.000000
(26,25),1826173700.000000
(26,26),1825792040.000000
(26,27),1825410380.000000
(26,28),1825028720.000000
(26,29),1824647060.000000
(26,30),1824265400.000000
(26,31),1823883740.000000
(26,32),1823502080.000000
(26,33),1823120420.000000
(26,34),1822738760.000000
(26,35),1822357100.000000
(26,36),1821975440.000000
(26,37),1821593780.000000
(26,38),1821212120.000000
(26,39),1820830460.000000
(27,20),1897490000.000000
(27,21),1897093940.000000
(27,22),1896697880.000000
(27,23),1896301820.000000
(27,24),1895905760.000000
(27,25),1895509700.000000
(27,26),1895113640.000000
(27,27),1894717580.000000
(27,28),1894321520.000000
(27,29),1893925460.000000
(27,30),1893529400.000000
(27,31),1893133340.000000
(27,32),1892737280.000000
(27,33),1892341220.000000
(27,34),1891945160.000000
(27,35),1891549100.000000
(27,36),1891153040.000000
(27,37),1890756980.000000
(27,38),1890360920.000000
(27,39),1889964860.000000
(28,20),1966898000.000000
(28,21),1966487540.000000
(28,22),1966077080.000000
(28,23),1965666620.000000
(28,24),1965256160.000000
(28,25),1964845700.000000
(28,26),1964435240.000000
(28,27),1964024780.000000
(28,28),1963614320.000000
(28,29),1963203860.000000
(28,30),1962793400.000000
(28,31),1962382940.000000
(28,32),1961972480.000000
(28,33),1961562020.000000
(28,34),1961151560.000000
(28,35),1960741100.000000
(28,36),1960330640.000000
(28,37),1959920180.000000
(28,38),1959509720.000000
(28,39),1959099260.000000
(29,20),2036306000.000000
(29,21),2035881140.000000
(29,22),2035456280.000000
(29,23),2035031420.000000
(29,24),2034606560.000000
(29,25),2034181700.000000
(29,26),2033756840.000000
(29,27),2033331980.000000
(29,28),2032907120.000000
(29,29),2032482260.000000
(29,30),2032057400.000000
(29,31),2031632540.000000
(29,32),2031207680.000000
(29,33),2030782820.000000
(29,34),2030357960.000000
(29,35),2029933100.000000
(29,36),2029508240.000000
(29,37),2029083380.000000
(29,38),2028658520.000000
(29,39),2028233660.000000
(30,20),2105714000.000000
(30,21),2105274740.000000
(30,22),2104835480.000000
(30,23),2104396220.000000
(30,24),2103956960.000000
(30,25),2103517700.000000
(30,26),2103078440.000000
(30,27),2102639180.000000
(30,28),2102199920.000000
(30,29),2101760660.000000
(30,30),2101321400.000000
(30,31),2100882140.000000
(30,32),2100442880.000000
(30,33),2100003620.000000
(30,34),2099564360.000000
(30,35),2099125100.000000
(30,36),2098685840.000000
(30,37),2098246580.000000
(30,38),2097807320.000000
(30,39),2097368060.000000
(31,20),2175122000.000000
(31,21),2174668340.000000
(31,22),2174214680.000000
(31,23),2173761020.000000
(31,24),2173307360.000000
(31,25),2172853700.000000
(31,26),2172400040.000000
(31,27),2171946380.000000
(31,28),2171492720.000000
(31,29),2171039060.000000
(31,30),2170585400.000000
(31,31),2170131740.000000
(31,32),2169678080.000000
(31,33),2169224420.000000
(31,34),2168770760.000000
(31,35),2168317100.000000
(31,36),2167863440.000000
(31,37),2167409780.000000
(31,38),2166956120.000000
(31,39),2166502460.000000
(32,20),2244530000.000000
(32,21),2244061940.000000
(32,22),2243593880.000000
(32,23),2243125820.000000
(32,24),2242657760.000000
(32,25),2242189700.000000
(32,26),2241721640.000000
(32,27),2241253580.000000
(32,28),2240785520.000000
(32,29),2240317460.000000
(32,30),2239849400.000000
(32,31),2239381340.000000
(32,32),2238913280.000000
(32,33),2238445220.000000
(32,34),2237977160.000000
(32,35),2237509100.000000
(32,36),2237041040.000000
(32,37),2236572980.000000
(32,38),2236104920.000000
(32,39),2235636860.000000
(33,20),2313938000.000000
(33,21),2313455540.000000
(33,22),2312973080.000000
(33,23),2312490620.000000
(33,24),2312008160.000000
(33,25),2311525700.000000
(33,26),2311043240.000000
(33,27),2310560780.000000
(33,28),2310078320.000000
(33,29),2309595860.000000
(33,30),2309113400.000000
(33,31),2308630940.000000
(33,32),2308148480.000000
(33,33),2307666020.000000
(33,34),2307183560.000000
(33,35),2306701100.000000
(33,36),2306218640.000000
(33,37),2305736180.000000
(33,38),2305253720.000000
(33,39),2304771260.000000
(34,20),2383346000.000000
(34,21),2382849140.000000
(34,22),2382352280.000000
(34,23),2381855420.000000
(34,24),2381358560.000000
(34,25),2380861700.000000
(34,26),2380364840.000000
(34,27),2379867980.000000
(34,28),2379371120.000000
(34,29),2378874260.000000
(34,30),2378377400.000000
(34,31),2377880540.000000
(34,32),2377383680.000000
(34,33),2376886820.000000
(34,34),2376389960.000000
(34,35),2375893100.000000
(34,36),2375396240.000000
(34,37),2374899380.000000
(34,38),2374402520.000000
(34,39),2373905660.000000
(35,20),2452754000.000000
(35,21),2452242740.000000
(35,22),2451731480.000000
(35,23),2451220220.000000
(35,24),2450708960.000000
(35,25),2450197700.000000
(35,26),2449686440.000000
(35,27),2449175180.000000
(35,28),2448663920.000000
(35,29),2448152660.000000
(35,30),2447641400.000000
(35,31),2447130140.000000
(35,32),2446618880.000000
(35,33),2446107620.000000
(35,34),2445596360.000000
(35,35),2445085100.000000
(35,36),2444573840.000000
(35,37),2444062580.000000
(35,38),2443551320.000000
(35,39),2443040060.000000
(36,20),2522162000.000000
(36,21),2521636340.000000
(36,22),2521110680.000000
(36,23),2520585020.000000
(36,24),2520059360.000000
(36,25),2519533700.000000
(36,26),2519008040.000000
(36,27),2518482380.000000
(36,28),2517956720.000000
(36,29),2517431060.000000
(36,30),2516905400.000000
(36,31),2516379740.000000
(36,32),2515854080.000000
(36,33),2515328420.000000
(36,34),2514802760.000000
(36,35),2514277100.000000
(36,36),2513751440.000000
(36,37),2513225780.000000
(36,38),2512700120.000000
(36,39),2512174460.000000
(37,20),2591570000.000000
(37,21),2591029940.000000
(37,22),2590489880.000000
(37,23),2589949820.000000
(37,24),2589409760.000000
(37,25),2588869700.000000
(37,26),2588329640.000000
(37,27),2587789580.000000
(37,28),2587249520.000000
(37,29),2586709460.000000
(37,30),2586169400.000000
(37,31),2585629340.000000
(37,32),2585089280.000000
(37,33),2584549220.000000
(37,34),2584009160.000000
(37,35),2583469100.000000
(37,36),2582929040.000000
(37,37),2582388980.000000
(37,38),2581848920.000000
(37,39),2581308860.000000
(38,20),2660978000.000000
(38,21),2660423540.000000
(38,22),2659869080.000000
(38,23),2659314620.000000
(38,24),2658760160.000000
(38,25),2658205700.000000
(38,26),2657651240.000000
(38,27),2657096780.000000
(38,28),2656542320.000000
(38,29),2655987860.000000
(38,30),2655433400.000000
(38,31),2654878940.000000
(38,32),2654324480.000000
(38,33),2653770020.000000
(38,34),2653215560.000000
(38,35),2652661100.000000
(38,36),2652106640.000000
(38,37),2651552180.000000
(38,38),2650997720.000000
(38,39),2650443260.000000
(39,20),2730386000.000000
(39,21),2729817140.000000
(39,22),2729248280.000000
(39,23),2728679420.000000
(39,24),2728110560.000000
(39,25),2727541700.000000
(39,26),2726972840.000000
(39,27),2726403980.000000
(39,28),2725835120.000000
(39,29),2725266260.000000
(39,30),2724697400.000000
(39,31),2724128540.000000
(39,32),2723559680.000000
(39,33),2722990820.000000
(39,34),2722421960.000000
(39,35),2721853100.000000
(39,36),2721284240.000000
(39,37),2720715380.000000
(39,38),2720146520.000000
(39,39),2719577660.000000
(20,40),1405728800.000000
(20,41),1405433540.000000
(20,42),1405138280.000000
(20,43),1404843020.000000
(20,44),1404547760.000000
(20,45),1404252500.000000
(20,46),1403957240.000000
(20,47),1403661980.000000
(20,48),1403366720.000000
(20,49),1403071460.000000
(20,50),1402776200.000000
(20,51),1402480940.000000
(20,52),1402185680.000000
(20,53),1401890420.000000
(20,54),1401595160.000000
(20,55),1401299900.000000
(20,56),1401004640.000000
(20,57),1400709380.000000
(20,58),1400414120.000000
(20,59),1400118860.000000
(21,40),1474848800.000000
(21,41),1474539140.000000
(21,42),1474229480.000000
(21,43),1473919820.000000
(21,44),1473610160.000000
(21,45),1473300500.000000
(21,46),1472990840.000000
(21,47),1472681180.000000
(21,48),1472371520.000000
(21,49),1472061860.000000
(21,50),1471752200.000000
(21,51),1471442540.000000
(21,52),1471132880.000000
(21,53),1470823220.000000
(21,54),1470513560.000000
(21,55),1470203900.000000
(21,56),1469894240.000000
(21,57),1469584580.000000
(21,58),1469274920.000000
(21,59),1468965260.000000
(22,40),1543968800.000000
(22,41),1543644740.000000
(22,42),1543320680.000000
(22,43),1542996620.000000
(22,44),1542672560.000000
(22,45),1542348500.000000
(22,46),1542024440.000000
(22,47),1541700380.000000
(22,48),1541376320.000000
(22,49),1541052260.000000
(22,50),1540728200.000000
(22,51),1540404140.000000
(22,52),1540080080.000000
(22,53),1539756020.000000
(22,54),1539431960.000000
(22,55),1539107900.000000
(22,56),1538783840.000000
(22,57),1538459780.000000
(22,58),1538135720.000000
(22,59),1537811660.000000
(23,40),1613088800.000000
(23,41),1612750340.000000
(23,42),1612411880.000000
(23,43),1612073420.000000
(23,44),1611734960.000000
(23,45),1611396500.000000
(23,46),1611058040.000000
(23,47),1610719580.000000
(23,48),1610381120.000000
(23,49),1610042660.000000
(23,50),1609704200.000000
(23,51),1609365740.000000
(23,52),1609027280.000000
(23,53),1608688820.000000
(23,54),1608350360.000000
(23,55),1608011900.000000
(23,56),1607673440.000000
(23,57),1607334980.000000
(23,58),1606996520.000000
(23,59),1606658060.000000
(24,40),1682208800.000000
(24,41),1681855940.000000
(24,42),1681503080.000000
(24,43),1681150220.000000
(24,44),1680797360.000000
(24,45),1680444500.000000
(24,46),1680091640.000000
(24,47),1679738780.000000
(24,48),1679385920.000000
(24,49),1679033060.000000
(24,50),1678680200.000000
(24,51),1678327340.000000
(24,52),1677974480.000000
(24,53),1677621620.000000
(24,54),1677268760.000000
(24,55),1676915900.000000
(24,56),1676563040.000000
(24,57),1676210180.000000
(24,58),1675857320.000000
(24,59),1675504460.000000
(25,40),1751328800.000000
(25,41),1750961540.000000
(25,42),1750594280.000000
(25,43),1750227020.000000
(25,44),1749859760.000000
(25,45),1749492500.000000
(25,46),1749125240.000000
(25,47),1748757980.000000
(25,48),1748390720.000000
(25,49),1748023460.000000
(25,50),1747656200.000000
(25,51),1747288940.000000
(25,52),1746921680.000000
(25,53),1746554420.000000
(25,54),1746187160.000000
(25,55),1745819900.000000
(25,56),1745452640.000000
(25,57),1745085380.000000
(25,58),1744718120.000000
(25,59),1744350860.000000
(26,40),1820448800.000000
(26,41),1820067140.000000
(26,42),1819685480.000000
(26,43),1819303820.000000
(26,44),1818922160.000000
(26,45),1818540500.000000
(26,46),1818158840.000000
(26,47),1817777180.000000
(26,48),1817395520.000000
(26,49),1817013860.000000
(26,50),1816632200.000000
(26,51),1816250540.000000
(26,52),1815868880.000000
(26,53),1815487220.000000
(26,54),1815105560.000000
(26,55),1814723900.000000
(26,56),1814342240.000000
(26,57),1813960580.000000
(26,58),1813578920.000000
(26,59),1813197260.000000
(27,40),1889568800.000000
(27,41),1889172740.000000
(27,42),1888776680.000000
(27,43),1888380620.000000
(27,44),1887984560.000000
(27,45),1887588500.000000
(27,46),1887192440.000000
(27,47),1886796380.000000
(27,48),1886400320.000000
(27,49),1886004260.000000
(27,50),1885608200.000000
(27,51),1885212140.000000
(27,52),1884816080.000000
(27,53),1884420020.000000
(27,54),1884023960.000000
(27,55),1883627900.000000
(27,56),1883231840.000000
(27,57),1882835780.000000
(27,58),1882439720.000000
(27,59),1882043660.000000
(28,40),1958688800.000000
(28,41),1958278340.000000
(28,42),1957867880.000000
(28,43),1957457420.000000
(28,44),1957046960.000000
(28,45),1956636500.000000
(28,46),1956226040.000000
(28,47),1955815580.000000
(28,48),1955405120.000000
(28,49),1954994660.000000
(28,50),1954584200.000000
(28,51),1954173740.000000
(28,52),1953763280.000000
(28,53),1953352820.000000
(28,54),1952942360.000000
(28,55),1952531900.000000
(28,56),1952121440.000000
(28,57),1951710980.000000
(28,58),1951300520.000000
(28,59),1950890060.000000
(29,40),2027808800.000000
(29,41),2027383940.000000
(29,42),2026959080.000000
(29,43),2026534220.000000
(29,44),2026109360.000000
(29,45),2025684500.000000
(29,46),2025259640.000000
(29,47),2024834780.000000
(29,48),2024409920.000000
(29,49),2023985060.000000
(29,50),2023560200.000000
(29,51),2023135340.000000
(29,52),2022710480.000000
(29,53),2022285620.000000
(29,54),2021860760.000000
(29,55),2021435900.000000
(29,56),2021011040.000000
(29,57),2020586180.000000
(29,58),2020161320.000000
(29,59),2019736460.000000
(30,40),2096928800.000000
(30,41),2096489540.000000
(30,42),2096050280.000000
(30,43),2095611020.000000
(30,44),2095171760.000000
(30,45),2094732500.000000
(30,46),2094293240.000000
(30,47),2093853980.000000
(30,48),2093414720.000000
(30,49),2092975460.000000
(30,50),2092536200.000000
(30,51),2092096940.000000
(30,52),2091657680.000000
(30,53),2091218420.000000
(30,54),2090779160.000000
(30,55),2090339900.000000
(30,56),2089900640.000000
(30,57),2089461380.000000
(30,58),2089022120.000000
(30,59),2088582860.000000
(31,40),2166048800.000000
(31,41),2165595140.000000
(31,42),2165141480.000000
(31,43),2164687820.000000
(31,44),2164234160.000000
(31,45),2163780500.000000
(31,46),2163326840.000000
(31,47),2162873180.000000
(31,48),2162419520.000000
(31,49),2161965860.000000
(31,50),2161512200.000000
(31,51),2161058540.000000
(31,52),2160604880.000000
(31,53),2160151220.000000
(31,54),2159697560.000000
(31,55),2159243900.000000
(31,56),2158790240.000000
(31,57),2158336580.000000
(31,58),2157882920.000000
(31,59),2157429260.000000
(32,40),2235168800.000000
(32,41),2234700740.000000
(32,42),2234232680.000000
(32,43),2233764620.000000
(32,44),2233296560.000000
(32,45),2232828500.000000
(32,46),2232360440.000000
(32,47),2231892380.000000
(32,48),2231424320.000000
(32,49),2230956260.000000
(32,50),2230488200.000000
(32,51),2230020140.000000
(32,52),2229552080.000000
(32,53),2229084020.000000
(32,54),2228615960.000000
(32,55),2228147900.000000
(32,56),2227679840.000000
(32,57),2227211780.000000
(32,58),2226743720.000000
(32,59),2226275660.000000
(33,40),2304288800.000000
(33,41),2303806340.000000
(33,42),2303323880.000000
(33,43),2302841420.000000
(33,44),2302358960.000000
(33,45),2301876500.000000
(33,46),2301394040.000000
(33,47),2300911580.000000
(33,48),2300429120.000000
(33,49),2299946660.000000
(33,50),2299464200.000000
(33,51),2298981740.000000
(33,52),2298499280.000000
(33,53),2298016820.000000
(33,54),2297534360.000000
(33,55),2297051900.000000
(33,56),2296569440.000000
(33,57),2296086980.000000
(33,58),2295604520.000000
(33,59),2295122060.000000
(34,40),2373408800.000000
(34,41),2372911940.000000
(34,42),2372415080.000000
(34,43),2371918220.000000
(34,44),2371421360.000000
(34,45),2370924500.000000
(34,46),2370427640.000000
(34,47),2369930780.000000
(34,48),2369433920.000000
(34,49),2368937060.000000
(34,50),2368440200.000000
(34,51),2367943340.000000
(34,52),2367446480.000000
(34,53),2366949620.000000
(34,54),2366452760.000000
(34,55),2365955900.000000
(34,56),2365459040.000000
(34,57),2364962180.000000
(34,58),2364465320.000000
(34,59),2363968460.000000
(35,40),2442528800.000000
(35,41),2442017540.000000
(35,42),2441506280.000000
(35,43),2440995020.000000
(35,44),2440483760.000000
(35,45),2439972500.000000
(35,46),2439461240.000000
(35,47),2438949980.000000
(35,48),2438438720.000000
(35,49),2437927460.000000
(35,50),2437416200.000000
(35,51),2436904940.000000
(35,52),2436393680.000000
(35,53),2435882420.000000
(35,54),2435371160.000000
(35,55),2434859900.000000
(35,56),2434348640.000000
(35,57),2433837380.000000
(35,58),2433326120.000000
(35,59),2432814860.000000
(36,40),2511648800.000000
(36,41),2511123140.000000
(36,42),2510597480.000000
(36,43),2510071820.000000
(36,44),2509546160.000000
(36,45),2509020500.000000
(36,46),2508494840.000000
(36,47),2507969180.000000
(36,48),2507443520.000000
(36,49),2506917860.000000
(36,50),2506392200.000000
(36,51),2505866540.000000
(36,52),2505340880.000000
(36,53),2504815220.000000
(36,54),2504289560.000000
(36,55),2503763900.000000
(36,56),2503238240.000000
(36,57),2502712580.000000
(36,58),2502186920.000000
(36,59),2501661260.000000
(37,40),2580768800.000000
(37,41),2580228740.000000
(37,42),2579688680.000000
(37,43),2579148620.000000
(37,44),2578608560.000000
(37,45),2578068500.000000
(37,46),2577528440.000000
(37,47),2576988380.000000
(37,48),2576448320.000000
(37,49),2575908260.000000
(37,50),2575368200.000000
(37,51),2574828140.000000
(37,52),2574288080.000000
(37,53),2573748020.000000
(37,54),2573207960.000000
(37,55),2572667900.000000
(37,56),2572127840.000000
(37,57),2571587780.000000
(37,58),2571047720.000000
(37,59),2570507660.000000
(38,40),2649888800.000000
(38,41),2649334340.000000
(38,42),2648779880.000000
(38,43),2648225420.000000
(38,44),2647670960.000000
(38,45),2647116500.000000
(38,46),2646562040.000000
(38,47),2646007580.000000
(38,48),2645453120.000000
(38,49),2644898660.000000
(38,50),2644344200.000000
(38,51),2643789740.000000
(38,52),2643235280.000000
(38,53),2642680820.000000
(38,54),2642126360.000000
(38,55),2641571900.000000
(38,56),2641017440.000000
(38,57),2640462980.000000
(38,58),2639908520.000000
(38,59),2639354060.000000
(39,40),2719008800.000000
(39,41),2718439940.000000
(39,42),2717871080.000000
(39,43),2717302220.000000
(39,44),2716733360.000000
(39,45),2716164500.000000
(39,46),2715595640.000000
(39,47),2715026780.000000
(39,48),2714457920.000000
(39,49),2713889060.000000
(39,50),2713320200.000000
(39,51),2712751340.000000
(39,52),2712182480.000000
(39,53),2711613620.000000
(39,54),2711044760.000000
(39,55),2710475900.000000
(39,56),2709907040.000000
(39,57),2709338180.000000
(39,58),2708769320.000000
(39,59),2708200460.000000
(20,60),1399823600.000000
(20,61),1399528340.000000
(20,62),1399233080.000000
(20,63),1398937820.000000
(20,64),1398642560.000000
(20,65),1398347300.000000
(20,66),1398052040.000000
(20,67),1397756780.000000
(20,68),1397461520.000000
(20,69),1397166260.000000
(20,70),1396871000.000000
(20,71),1396575740.000000
(20,72),1396280480.000000
(20,73),1395985220.000000
(20,74),1395689960.000000
(20,75),1395394700.000000
(20,76),1395099440.000000
(20,77),1394804180.000000
(20,78),1394508920.000000
(20,79),1394213660.000000
(21,60),1468655600.000000
(21,61),1468345940.000000
(21,62),1468036280.000000
(21,63),1467726620.000000
(21,64),1467416960.000000
(21,65),1467107300.000000
(21,66),1466797640.000000
(21,67),1466487980.000000
(21,68),1466178320.000000
(21,69),1465868660.000000
(21,70),1465559000.000000
(21,71),1465249340.000000
(21,72),1464939680.000000
(21,73),1464630020.000000
(21,74),1464320360.000000
(21,75),1464010700.000000
(21,76),1463701040.000000
(21,77),1463391380.000000
(21,78),1463081720.000000
(21,79),1462772060.000000
(22,60),1537487600.000000
(22,61),1537163540.000000
(22,62),1536839480.000000
(22,63),1536515420.000000
(22,64),1536191360.000000
(22,65),1535867300.000000
(22,66),1535543240.000000
(22,67),1535219180.000000
(22,68),1534895120.000000
(22,69),1534571060.000000
(22,70),1534247000.000000
(22,71),1533922940.000000
(22,72),1533598880.000000
(22,73),1533274820.000000
(22,74),1532950760.000000
(22,75),1532626700.000000
(22,76),1532302640.000000
(22,77),1531978580.000000
(22,78),1531654520.000000
(22,79),1531330460.000000
(23,60),1606319600.000000
(23,61),1605981140.000000
(23,62),1605642680.000000
(23,63),1605304220.000000
(23,64),1604965760.000000
(23,65),1604627300.000000
(23,66),1604288840.000000
(23,67),1603950380.000000
(23,68),1603611920.000000
(23,69),1603273460.000000
(23,70),1602935000.000000
(23,71),1602596540.000000
(23,72),1602258080.000000
(23,73),1601919620.000000
(23,74),1601581160.000000
(23,75),1601242700.000000
(23,76),1600904240.000000
(23,77),1600565780.000000
(23,78),1600227320.000000
(23,79),1599888860.000000
(24,60),1675151600.000000
(24,61),1674798740.000000
(24,62),1674445880.000000
(24,63),1674093020.000000
(24,64),1673740160.000000
(24,65),1673387300.000000
(24,66),1673034440.000000
(24,67),1672681580.000000
(24,68),1672328720.000000
(24,69),1671975860.000000
(24,70),1671623000.000000
(24,71),1671270140.000000
(24,72),1670917280.000000
(24,73),1670564420.000000
(24,74),1670211560.000000
(24,75),1669858700.000000
(24,76),1669505840.000000
(24,77),1669152980.000000
(24,78),1668800120.000000
(24,79),1668447260.000000
(25,60),1743983600.000000
(25,61),1743616340.000000
(25,62),1743249080.000000
(25,63),1742881820.000000
(25,64),1742514560.000000
(25,65),1742147300.000000
(25,66),1741780040.000000
(25,67),1741412780.000000
(25,68),1741045520.000000
(25,69),1740678260.000000
(25,70),1740311000.000000
(25,71),1739943740.000000
(25,72),1739576480.000000
(25,73),1739209220.000000
(25,74),1738841960.000000
(25,75),1738474700.000000
(25,76),1738107440.000000
(25,77),1737740180.000000
(25,78),1737372920.000000
(25,79),1737005660.000000
(26,60),1812815600.000000
(26,61),1812433940.000000
(26,62),1812052280.000000
(26,63),1811670620.000000
(26,64),1811288960.000000
(26,65),1810907300.000000
(26,66),1810525640.000000
(26,67),1810143980.000000
(26,68),1809762320.000000
(26,69),1809380660.000000
(26,70),1808999000.000000
(26,71),1808617340.000000
(26,72),1808235680.000000
(26,73),1807854020.000000
(26,74),1807472360.000000
(26,75),1807090700.000000
(26,76),1806709040.000000
(26,77),1806327380.000000
(26,78),1805945720.000000
(26,79),1805564060.000000
(27,60),1881647600.000000
(27,61),1881251540.000000
(27,62),1880855480.000000
(27,63),1880459420.000000
(27,64),1880063360.000000
(27,65),1879667300.000000
(27,66),1879271240.000000
(27,67),1878875180.000000
(27,68),1878479120.000000
(27,69),1878083060.000000
(27,70),1877687000.000000
(27,71),1877290940.000000
(27,72),1876894880.000000
(27,73),1876498820.000000
(27,74),1876102760.000000
(27,75),1875706700.000000
(27,76),1875310640.000000
(27,77),1874914580.000000
(27,78),1874518520.000000
(27,79),1874122460.000000
(28,60),1950479600.000000
(28,61),1950069140.000000
(28,62),1949658680.000000
(28,63),1949248220.000000
(28,64),1948837760.000000
(28,65),1948427300.000000
(28,66),1948016840.000000
(28,67),1947606380.000000
(28,68),1947195920.000000
(28,69),1946785460.000000
(28,70),1946375000.000000
(28,71),1945964540.000000
(28,72),1945554080.000000
(28,73),1945143620.000000
(28,74),1944733160.000000
(28,75),1944322700.000000
(28,76),1943912240.000000
(28,77),1943501780.000000
(28,78),1943091320.000000
(28,79),1942680860.000000
(29,60),2019311600.000000
(29,61),2018886740.000000
(29,62),2018461880.000000
(29,63),2018037020.000000
(29,64),2017612160.000000
(29,65),2017187300.000000
(29,66),2016762440.000000
(29,67),2016337580.000000
(29,68),2015912720.000000
(29,69),2015487860.000000
(29,70),2015063000.000000
(29,71),2014638140.000000
(29,72),2014213280.000000
(29,73),2013788420.000000
(29,74),2013363560.000000
(29,75),2012938700.000000
(29,76),2012513840.000000
(29,77),2012088980.000000
(29,78),2011664120.000000
(29,79),2011239260.000000
(30,60),2088143600.000000
(30,61),2087704340.000000
(30,62),2087265080.000000
(30,63),2086825820.000000
(30,64),2086386560.000000
(30,65),2085947300.000000
(30,66),2085508040.000000
(30,67),2085068780.000000
(30,68),2084629520.000000
(30,69),2084190260.000000
(30,70),2083751000.000000
(30,71),2083311740.000000
(30,72),2082872480.000000
(30,73),2082433220.000000
(30,74),2081993960.000000
(30,75),2081554700.000000
(30,76),2081115440.000000
(30,77),2080676180.000000
(30,78),2080236920.000000
(30,79),2079797660.000000
(31,60),2156975600.000000
(31,61),2156521940.000000
(31,62),2156068280.000000
(31,63),2155614620.000000
(31,64),2155160960.000000
(31,65),2154707300.000000
(31,66),2154253640.000000
(31,67),2153799980.000000
(31,68),2153346320.000000
(31,69),2152892660.000000
(31,70),2152439000.000000
(31,71),2151985340.000000
(31,72),2151531680.000000
(31,73),2151078020.000000
(31,74),2150624360.000000
(31,75),2150170700.000000
(31,76),2149717040.000000
(31,77),2149263380.000000
(31,78),2148809720.000000
(31,79),2148356060.000000
(32,60),2225807600.000000
(32,61),2225339540.000000
(32,62),2224871480.000000
(32,63),2224403420.000000
(32,64),2223935360.000000
(32,65),2223467300.000000
(32,66),2222999240.000000
(32,67),2222531180.000000
(32,68),2222063120.000000
(32,69),2221595060.000000
(32,70),2221127000.000000
(32,71),2220658940.000000
(32,72),2220190880.000000
(32,73),2219722820.000000
(32,74),2219254760.000000
(32,75),2218786700.000000
(32,76),2218318640.000000
(32,77),2217850580.000000
(32,78),2217382520.000000
(32,79),2216914460.000000
(33,60),2294639600.000000
(33,61),2294157140.000000
(33,62),2293674680.000000
(33,63),2293192220.000000
(33,64),2292709760.000000
(33,65),2292227300.000000
(33,66),2291744840.000000
(33,67),2291262380.000000
(33,68),2290779920.000000
(33,69),2290297460.000000
(33,70),2289815000.000000
(33,71),2289332540.000000
(33,72),2288850080.000000
(33,73),2288367620.000000
(33,74),2287885160.000000
(33,75),2287402700.000000
(33,76),2286920240.000000
(33,77),2286437780.000000
(33,78),2285955320.000000
(33,79),2285472860.000000
(34,60),2363471600.000000
(34,61),2362974740.000000
(34,62),2362477880.000000
(34,63),2361981020.000000
(34,64),2361484160.000000
(34,65),2360987300.000000
(34,66),2360490440.000000
(34,67),2359993580.000000
(34,68),2359496720.000000
(34,69),2358999860.000000
(34,70),2358503000.000000
(34,71),2358006140.000000
(34,72),2357509280.000000
(34,73),2357012420.000000
(34,74),2356515560.000000
(34,75),2356018700.000000
(34,76),2355521840.000000
(34,77),2355024980.000000
(34,78),2354528120.000000
(34,79),2354031260.000000
(35,60),2432303600.000000
(35,61),2431792340.000000
(35,62),2431281080.000000
(35,63),2430769820.000000
(35,64),2430258560.000000
(35,65),2429747300.000000
(35,66),2429236040.000000
(35,67),2428724780.000000
(35,68),2428213520.000000
(35,69),2427702260.000000
(35,70),2427191000.000000
(35,71),2426679740.000000
(35,72),2426168480.000000
(35,73),2425657220.000000
(35,74),2425145960.000000
(35,75),2424634700.000000
(35,76),2424123440.000000
(35,77),2423612180.000000
(35,78),2423100920.000000
(35,79),2422589660.000000
(36,60),2501135600.000000
(36,61),2500609940.000000
(36,62),2500084280.000000
(36,63),2499558620.000000
(36,64),2499032960.000000
(36,65),2498507300.000000
(36,66),2497981640.000000
(36,67),2497455980.000000
(36,68),2496930320.000000
(36,69),2496404660.000000
(36,70),2495879000.000000
(36,71),2495353340.000000
(36,72),2494827680.000000
(36,73),2494302020.000000
(36,74),2493776360.000000
(36,75),2493250700.000000
(36,76),2492725040.000000
(36,77),2492199380.000000
(36,78),2491673720.000000
(36,79),2491148060.000000
(37,60),2569967600.000000
(37,61),2569427540.000000
(37,62),2568887480.000000
(37,63),2568347420.000000
(37,64),2567807360.000000
(37,65),2567267300.000000
(37,66),2566727240.000000
(37,67),2566187180.000000
(37,68),2565647120.000000
(37,69),2565107060.000000
(37,70),2564567000.000000
(37,71),2564026940.000000
(37,72),2563486880.000000
(37,73),2562946820.000000
(37,74),2562406760.000000
(37,75),2561866700.000000
(37,76),2561326640.000000
(37,77),2560786580.000000
(37,78),2560246520.000000
(37,79),2559706460.000000
(38,60),2638799600.000000
(38,61),2638245140.000000
(38,62),2637690680.000000
(38,63),2637136220.000000
(38,64),2636581760.000000
(38,65),2636027300.000000
(38,66),2635472840.000000
(38,67),2634918380.000000
(38,68),2634363920.000000
(38,69),2633809460.000000
(38,70),2633255000.000000
(38,71),2632700540.000000
(38,72),2632146080.000000
(38,73),2631591620.000000
(38,74),2631037160.000000
(38,75),2630482700.000000
(38,76),2629928240.000000
(38,77),2629373780.000000
(38,78),2628819320.000000
(38,79),2628264860.000000
(39,60),2707631600.000000
(39,61),2707062740.000000
(39,62),2706493880.000000
(39,63),2705925020.000000
(39,64),2705356160.000000
(39,65),2704787300.000000
(39,66),2704218440.000000
(39,67),2703649580.000000
(39,68),2703080720.000000
(39,69),2702511860.000000
(39,70),2701943000.000000
(39,71),2701374140.000000
(39,72),2700805280.000000
(39,73),2700236420.000000
(39,74),2699667560.000000
(39,75),2699098700.000000
(39,76),2698529840.000000
(39,77),2697960980.000000
(39,78),2697392120.000000
(39,79),2696823260.000000