0,0,1
0,1,2
0,2,3
0,3,4
0,4,5
0,5,6
0,6,7
0,7,8
0,8,9
0,9,10
0,10,11
0,11,12
0,12,13
0,13,14
0,14,15
0,15,16
0,16,17
0,17,18
0,18,19
0,19,20
0,20,21
0,21,22
0,22,23
0,23,24
0,24,25
0,25,26
0,26,27
0,27,28
0,28,29
0,29,30
0,30,31
0,31,32
0,32,33
0,33,34
0,34,35
0,35,36
0,36,37
0,37,38
0,38,39
0,39,40
0,40,41
0,41,42
0,42,43
0,43,44
0,44,45
0,45,46
0,46,47
0,47,48
0,48,49
0,49,50
0,50,51
0,51,52
0,52,53
0,53,54
0,54,55
0,55,56
0,56,57
0,57,58
0,58,59
0,59,60
0,60,61
0,61,62
0,62,63
0,63,64
0,64,65
0,65,66
0,66,67
0,67,68
0,68,69
0,69,70
0,70,71
0,71,72
0,72,73
0,73,74
0,74,75
0,75,76
0,76,77
0,77,78
0,78,79
0,79,80
0,80,81
0,81,82
0,82,83
0,83,84
0,84,85
0,85,86
0,86,87
0,87,88
0,88,89
0,89,90
0,90,91
0,91,92
0,92,93
0,93,94
0,94,95
0,95,96
0,96,97
0,97,98
0,98,99
0,99,100
0,100,101
0,101,102
0,102,103
0,103,104
0,104,105
0,105,106
0,106,107
0,107,108
0,108,109
0,109,110
0,110,111
0,111,112
0,112,113
0,113,114
0,114,115
0,115,116
0,116,117
0,117,118
0,118,119
0,119,120
1,0,121
1,1,122
1,2,123
1,3,124
1,4,125
1,5,126
1,6,127
1,7,128
1,8,129
1,9,130
1,10,131
1,11,132
1,12,133
1,13,134
1,14,135
1,15,136
1,16,137
1,17,138
1,18,139
1,19,140
1,20,141
1,21,142
1,22,143
1,23,144
1,24,145
1,25,146
1,26,147
1,27,148
1,28,149
1,29,150
1,30,151
1,31,152
1,32,153
1,33,154
1,34,155
1,35,156
1,36,157
1,37,158
1,38,159
1,39,160
1,40,161
1,41,162
1,42,163
1,43,164
1,44,165
1,45,166
1,46,167
1,47,168
1,48,169
1,49,170
1,50,171
1,51,172
1,52,173
1,53,174
1,54,175
1,55,176
1,56,177
1,57,178
1,58,179
1,59,180
1,60,181
1,61,182
1,62,183
1,63,184
1,64,185
1,65,186
1,66,187
1,67,188
1,68,189
1,69,190
1,70,191
1,71,192
1,72,193
1,73,194
1,74,195
1,75,196
1,76,197
1,77,198
1,78,199
1,79,200
1,80,201
1,81,202
1,82,203
1,83,204
1,84,205
1,85,206
1,86,207
1,87,208
1,88,209
1,89,210
1,90,211
1,91,212
1,92,213
1,93,214
1,94,215
1,95,216
1,96,217
1,97,218
1,98,219
1,99,220
1,100,221
1,101,222
1,102,223
1,103,224
1,104,225
1,105,226
1,106,227
1,107,228
1,108,229
1,109,230
1,110,231
1,111,232
1,112,233
1,113,234
1,114,235
1,115,236
1,116,237
1,117,238
1,118,239
1,119,240
2,0,241
2,1,242
2,2,243
2,3,244
2,4,245
2,5,246
2,6,247
2,7,248
2,8,249
2,9,250
2,10,251
2,11,252
2,12,253
2,13,254
2,14,255
2,15,256
2,16,257
2,17,258
2,18,259
2,19,260
2,20,261
2,21,262
2,22,263
2,23,264
2,24,265
2,25,266
2,26,267
2,27,268
2,28,269
2,29,270
2,30,271
2,31,272
2,32,273
2,33,274
2,34,275
2,35,276
2,36,277
2,37,278
2,38,279
2,39,280
2,40,281
2,41,282
2,42,283
2,43,284
2,44,285
2,45,286
2,46,287
2,47,288
2,48,289
2,49,290
2,50,291
2,51,292
2,52,293
2,53,294
2,54,295
2,55,296
2,56,297
2,57,298
2,58,299
2,59,300
2,60,301
2,61,302
2,62,303
2,63,304
2,64,305
2,65,306
2,66,307
2,67,308
2,68,309
2,69,310
2,70,311
2,71,312
2,72,313
2,73,314
2,74,315
2,75,316
2,76,317
2,77,318
2,78,319
2,79,320
2,80,321
2,81,322
2,82,323
2,83,324
2,84,325
2,85,326
2,86,327
2,87,328
2,88,329
2,89,330
2,90,331
2,91,332
2,92,333
2,93,334
2,94,335
2,95,336
2,96,337
2,97,338
2,98,339
2,99,340
2,100,341
2,101,342
2,102,343
2,103,344
2,104,345
2,105,346
2,106,347
2,107,348
2,108,349
2,109,350
2,110,351
2,111,352
2,112,353
2,113,354
2,114,355
2,115,356
2,116,357
2,117,358
2,118,359
2,119,360
3,0,361
3,1,362
3,2,363
3,3,364
3,4,365
3,5,366
3,6,367
3,7,368
3,8,369
3,9,370
3,10,371
3,11,372
3,12,373
3,13,374
3,14,375
3,15,376
3,16,377
3,17,378
3,18,379
3,19,380
3,20,381
3,21,382
3,22,383
3,23,384
3,24,385
3,25,386
3,26,387
3,27,388
3,28,389
3,29,390
3,30,391
3,31,392
3,32,393
3,33,394
3,34,395
3,35,396
3,36,397
3,37,398
3,38,399
3,39,400
3,40,401
3,41,402
3,42,403
3,43,404
3,44,405
3,45,406
3,46,407
3,47,408
3,48,409
3,49,410
3,50,411
3,51,412
3,52,413
3,53,414
3,54,415
3,55,416
3,56,417
3,57,418
3,58,419
3,59,420
3,60,421
3,61,422
3,62,423
3,63,424
3,64,425
3,65,426
3,66,427
3,67,428
3,68,429
3,69,430
3,70,431
3,71,432
3,72,433
3,73,434
3,74,435
3,75,436
3,76,437
3,77,438
3,78,439
3,79,440
3,80,441
3,81,442
3,82,443
3,83,444
3,84,445
3,85,446
3,86,447
3,87,448
3,88,449
3,89,450
3,90,451
3,91,452
3,92,453
3,93,454
3,94,455
3,95,456
3,96,457
3,97,458
3,98,459
3,99,460
3,100,461
3,101,462
3,102,463
3,103,464
3,104,465
3,105,466
3,106,467
3,107,468
3,108,469
3,109,470
3,110,471
3,111,472
3,112,473
3,113,474
3,114,475
3,115,476
3,116,477
3,117,478
3,118,479
3,119,480
4,0,481
4,1,482
4,2,483
4,3,484
4,4,485
4,5,486
4,6,487
4,7,488
4,8,489
4,9,490
4,10,491
4,11,492
4,12,493
4,13,494
4,14,495
4,15,496
4,16,497
4,17,498
4,18,499
4,19,500
4,20,501
4,21,502
4,22,503
4,23,504
4,24,505
4,25,506
4,26,507
4,27,508
4,28,509
4,29,510
4,30,511
4,31,512
4,32,513
4,33,514
4,34,515
4,35,516
4,36,517
4,37,518
4,38,519
4,39,520
4,40,521
4,41,522
4,42,523
4,43,524
4,44,525
4,45,526
4,46,527
4,47,528
4,48,529
4,49,530
4,50,531
4,51,532
4,52,533
4,53,534
4,54,535
4,55,536
4,56,537
4,57,538
4,58,539
4,59,540
4,60,541
4,61,542
4,62,543
4,63,544
4,64,545
4,65,546
4,66,547
4,67,548
4,68,549
4,69,550
4,70,551
4,71,552
4,72,553
4,73,554
4,74,555
4,75,556
4,76,557
4,77,558
4,78,559
4,79,560
4,80,561
4,81,562
4,82,563
4,83,564
4,84,565
4,85,566
4,86,567
4,87,568
4,88,569
4,89,570
4,90,571
4,91,572
4,92,573
4,93,574
4,94,575
4,95,576
4,96,577
4,97,578
4,98,579
4,99,580
4,100,581
4,101,582
4,102,583
4,103,584
4,104,585
4,105,586
4,106,587
4,107,588
4,108,589
4,109,590
4,110,591
4,111,592
4,112,593
4,113,594
4,114,595
4,115,596
4,116,597
4,117,598
4,118,599
4,119,600
5,0,601
5,1,602
5,2,603
5,3,604
5,4,605
5,5,606
5,6,607
5,7,608
5,8,609
5,9,610
5,10,611
5,11,612
5,12,613
5,13,614
5,14,615
5,15,616
5,16,617
5,17,618
5,18,619
5,19,620
5,20,621
5,21,622
5,22,623
5,23,624
5,24,625
5,25,626
5,26,627
5,27,628
5,28,629
5,29,630
5,30,631
5,31,632
5,32,633
5,33,634
5,34,635
5,35,636
5,36,637
5,37,638
5,38,639
5,39,640
5,40,641
5,41,642
5,42,643
5,43,644
5,44,645
5,45,646
5,46,647
5,47,648
5,48,649
5,49,650
5,50,651
5,51,652
5,52,653
5,53,654
5,54,655
5,55,656
5,56,657
5,57,658
5,58,659
5,59,660
5,60,661
5,61,662
5,62,663
5,63,664
5,64,665
5,65,666
5,66,667
5,67,668
5,68,669
5,69,670
5,70,671
5,71,672
5,72,673
5,73,674
5,74,675
5,75,676
5,76,677
5,77,678
5,78,679
5,79,680
5,80,681
5,81,682
5,82,683
5,83,684
5,84,685
5,85,686
5,86,687
5,87,688
5,88,689
5,89,690
5,90,691
5,91,692
5,92,693
5,93,694
5,94,695
5,95,696
5,96,697
5,97,698
5,98,699
5,99,700
5,100,701
5,101,702
5,102,703
5,103,704
5,104,705
5,105,706
5,106,707
5,107,708
5,108,709
5,109,710
5,110,711
5,111,712
5,112,713
5,113,714
5,114,715
5,115,716
5,116,717
5,117,718
5,118,719
5,119,720
6,0,721
6,1,722
6,2,723
6,3,724
6,4,725
6,5,726
6,6,727
6,7,728
6,8,729
6,9,730
6,10,731
6,11,732
6,12,733
6,13,734
6,14,735
6,15,736
6,16,737
6,17,738
6,18,739
6,19,740
6,20,741
6,21,742
6,22,743
6,23,744
6,24,745
6,25,746
6,26,747
6,27,748
6,28,749
6,29,750
6,30,751
6,31,752
6,32,753
6,33,754
6,34,755
6,35,756
6,36,757
6,37,758
6,38,759
6,39,760
6,40,761
6,41,762
6,42,763
6,43,764
6,44,765
6,45,766
6,46,767
6,47,768
6,48,769
6,49,770
6,50,771
6,51,772
6,52,773
6,53,774
6,54,775
6,55,776
6,56,777
6,57,778
6,58,779
6,59,780
6,60,781
6,61,782
6,62,783
6,63,784
6,64,785
6,65,786
6,66,787
6,67,788
6,68,789
6,69,790
6,70,791
6,71,792
6,72,793
6,73,794
6,74,795
6,75,796
6,76,797
6,77,798
6,78,799
6,79,800
6,80,801
6,81,802
6,82,803
6,83,804
6,84,805
6,85,806
6,86,807
6,87,808
6,88,809
6,89,810
6,90,811
6,91,812
6,92,813
6,93,814
6,94,815
6,95,816
6,96,817
6,97,818
6,98,819
6,99,820
6,100,821
6,101,822
6,102,823
6,103,824
6,104,825
6,105,826
6,106,827
6,107,828
6,108,829
6,109,830
6,110,831
6,111,832
6,112,833
6,113,834
6,114,835
6,115,836
6,116,837
6,117,838
6,118,839
6,119,840
7,0,841
7,1,842
7,2,843
7,3,844
7,4,845
7,5,846
7,6,847
7,7,848
7,8,849
7,9,850
7,10,851
7,11,852
7,12,853
7,13,854
7,14,855
7,15,856
7,16,857
7,17,858
7,18,859
7,19,860
7,20,861
7,21,862
7,22,863
7,23,864
7,24,865
7,25,866
7,26,867
7,27,868
7,28,869
7,29,870
7,30,871
7,31,872
7,32,873
7,33,874
7,34,875
7,35,876
7,36,877
7,37,878
7,38,879
7,39,880
7,40,881
7,41,882
7,42,883
7,43,884
7,44,885
7,45,886
7,46,887
7,47,888
7,48,889
7,49,890
7,50,891
7,51,892
7,52,893
7,53,894
7,54,895
7,55,896
7,56,897
7,57,898
7,58,899
7,59,900
7,60,901
7,61,902
7,62,903
7,63,904
7,64,905
7,65,906
7,66,907
7,67,908
7,68,909
7,69,910
7,70,911
7,71,912
7,72,913
7,73,914
7,74,915
7,75,916
7,76,917
7,77,918
7,78,919
7,79,920
7,80,921
7,81,922
7,82,923
7,83,924
7,84,925
7,85,926
7,86,927
7,87,928
7,88,929
7,89,930
7,90,931
7,91,932
7,92,933
7,93,934
7,94,935
7,95,936
7,96,937
7,97,938
7,98,939
7,99,940
7,100,941
7,101,942
7,102,943
7,103,944
7,104,945
7,105,946
7,106,947
7,107,948
7,108,949
7,109,950
7,110,951
7,111,952
7,112,953
7,113,954
7,114,955
7,115,956
7,116,957
7,117,958
7,118,959
7,119,960
8,0,961
8,1,962
8,2,963
8,3,964
8,4,965
8,5,966
8,6,967
8,7,968
8,8,969
8,9,970
8,10,971
8,11,972
8,12,973
8,13,974
8,14,975
8,15,976
8,16,977
8,17,978
8,18,979
8,19,980
8,20,981
8,21,982
8,22,983
8,23,984
8,24,985
8,25,986
8,26,987
8,27,988
8,28,989
8,29,990
8,30,991
8,31,992
8,32,993
8,33,994
8,34,995
8,35,996
8,36,997
8,37,998
8,38,999
8,39,1000
8,40,1001
8,41,1002
8,42,1003
8,43,1004
8,44,1005
8,45,1006
8,46,1007
8,47,1008
8,48,1009
8,49,1010
8,50,1011
8,51,1012
8,52,1013
8,53,1014
8,54,1015
8,55,1016
8,56,1017
8,57,1018
8,58,1019
8,59,1020
8,60,1021
8,61,1022
8,62,1023
8,63,1024
8,64,1025
8,65,1026
8,66,1027
8,67,1028
8,68,1029
8,69,1030
8,70,1031
8,71,1032
8,72,1033
8,73,1034
8,74,1035
8,75,1036
8,76,1037
8,77,1038
8,78,1039
8,79,1040
8,80,1041
8,81,1042
8,82,1043
8,83,1044
8,84,1045
8,85,1046
8,86,1047
8,87,1048
8,88,1049
8,89,1050
8,90,1051
8,91,1052
8,92,1053
8,93,1054
8,94,1055
8,95,1056
8,96,1057
8,97,1058
8,98,1059
8,99,1060
8,100,1061
8,101,1062
8,102,1063
8,103,1064
8,104,1065
8,105,1066
8,106,1067
8,107,1068
8,108,1069
8,109,1070
8,110,1071
8,111,1072
8,112,1073
8,113,1074
8,114,1075
8,115,1076
8,116,1077
8,117,1078
8,118,1079
8,119,1080
9,0,1081
9,1,1082
9,2,1083
9,3,1084
9,4,1085
9,5,1086
9,6,1087
9,7,1088
9,8,1089
9,9,1090
9,10,1091
9,11,1092
9,12,1093
9,13,1094
9,14,1095
9,15,1096
9,16,1097
9,17,1098
9,18,1099
9,19,1100
9,20,1101
9,21,1102
9,22,1103
9,23,1104
9,24,1105
9,25,1106
9,26,1107
9,27,1108
9,28,1109
9,29,1110
9,30,1111
9,31,1112
9,32,1113
9,33,1114
9,34,1115
9,35,1116
9,36,1117
9,37,1118
9,38,1119
9,39,1120
9,40,1121
9,41,1122
9,42,1123
9,43,1124
9,44,1125
9,45,1126
9,46,1127
9,47,1128
9,48,1129
9,49,1130
9,50,1131
9,51,1132
9,52,1133
9,53,1134
9,54,1135
9,55,1136
9,56,1137
9,57,1138
9,58,1139
9,59,1140
9,60,1141
9,61,1142
9,62,1143
9,63,1144
9,64,1145
9,65,1146
9,66,1147
9,67,1148
9,68,1149
9,69,1150
9,70,1151
9,71,1152
9,72,1153
9,73,1154
9,74,1155
9,75,1156
9,76,1157
9,77,1158
9,78,1159
9,79,1160
9,80,1161
9,81,1162
9,82,1163
9,83,1164
9,84,1165
9,85,1166
9,86,1167
9,87,1168
9,88,1169
9,89,1170
9,90,1171
9,91,1172
9,92,1173
9,93,1174
9,94,1175
9,95,1176
9,96,1177
9,97,1178
9,98,1179
9,99,1180
9,100,1181
9,101,1182
9,102,1183
9,103,1184
9,104,1185
9,105,1186
9,106,1187
9,107,1188
9,108,1189
9,109,1190
9,110,1191
9,111,1192
9,112,1193
9,113,1194
9,114,1195
9,115,1196
9,116,1197
9,117,1198
9,118,1199
9,119,1200
10,0,1201
10,1,1202
10,2,1203
10,3,1204
10,4,1205
10,5,1206
10,6,1207
10,7,1208
10,8,1209
10,9,1210
10,10,1211
10,11,1212
10,12,1213
10,13,1214
10,14,1215
10,15,1216
10,16,1217
10,17,1218
10,18,1219
10,19,1220
10,20,1221
10,21,1222
10,22,1223
10,23,1224
10,24,1225
10,25,1226
10,26,1227
10,27,1228
10,28,1229
10,29,1230
10,30,1231
10,31,1232
10,32,1233
10,33,1234
10,34,1235
10,35,1236
10,36,1237
10,37,1238
10,38,1239
10,39,1240
10,40,1241
10,41,1242
10,42,1243
10,43,1244
10,44,1245
10,45,1246
10,46,1247
10,47,1248
10,48,1249
10,49,1250
10,50,1251
10,51,1252
10,52,1253
10,53,1254
10,54,1255
10,55,1256
10,56,1257
10,57,1258
10,58,1259
10,59,1260
10,60,1261
10,61,1262
10,62,1263
10,63,1264
10,64,1265
10,65,1266
10,66,1267
10,67,1268
10,68,1269
10,69,1270
10,70,1271
10,71,1272
10,72,1273
10,73,1274
10,74,1275
10,75,1276
10,76,1277
10,77,1278
10,78,1279
10,79,1280
10,80,1281
10,81,1282
10,82,1283
10,83,1284
10,84,1285
10,85,1286
10,86,1287
10,87,1288
10,88,1289
10,89,1290
10,90,1291
10,91,1292
10,92,1293
10,93,1294
10,94,1295
10,95,1296
10,96,1297
10,97,1298
10,98,1299
10,99,1300
10,100,1301
10,101,1302
10,102,1303
10,103,1304
10,104,1305
10,105,1306
10,106,1307
10,107,1308
10,108,1309
10,109,1310
10,110,1311
10,111,1312
10,112,1313
10,113,1314
10,114,1315
10,115,1316
10,116,1317
10,117,1318
10,118,1319
10,119,1320
11,0,1321
11,1,1322
11,2,1323
11,3,1324
11,4,1325
11,5,1326
11,6,1327
11,7,1328
11,8,1329
11,9,1330
11,10,1331
11,11,1332
11,12,1333
11,13,1334
11,14,1335
11,15,1336
11,16,1337
11,17,1338
11,18,1339
11,19,1340
11,20,1341
11,21,1342
11,22,1343
11,23,1344
11,24,1345
11,25,1346
11,26,1347
11,27,1348
11,28,1349
11,29,1350
11,30,1351
11,31,1352
11,32,1353
11,33,1354
11,34,1355
11,35,1356
11,36,1357
11,37,1358
11,38,1359
11,39,1360
11,40,1361
11,41,1362
11,42,1363
11,43,1364
11,44,1365
11,45,1366
11,46,1367
11,47,1368
11,48,1369
11,49,1370
11,50,1371
11,51,1372
11,52,1373
11,53,1374
11,54,1375
11,55,1376
11,56,1377
11,57,1378
11,58,1379
11,59,1380
11,60,1381
11,61,1382
11,62,1383
11,63,1384
11,64,1385
11,65,1386
11,66,1387
11,67,1388
11,68,1389
11,69,1390
11,70,1391
11,71,1392
11,72,1393
11,73,1394
11,74,1395
11,75,1396
11,76,1397
11,77,1398
11,78,1399
11,79,1400
11,80,1401
11,81,1402
11,82,1403
11,83,1404
11,84,1405
11,85,1406
11,86,1407
11,87,1408
11,88,1409
11,89,1410
11,90,1411
11,91,1412
11,92,1413
11,93,1414
11,94,1415
11,95,1416
11,96,1417
11,97,1418
11,98,1419
11,99,1420
11,100,1421
11,101,1422
11,102,1423
11,103,1424
11,104,1425
11,105,1426
11,106,1427
11,107,1428
11,108,1429
11,109,1430
11,110,1431
11,111,1432
11,112,1433
11,113,1434
11,114,1435
11,115,1436
11,116,1437
11,117,1438
11,118,1439
11,119,1440
12,0,1441
12,1,1442
12,2,1443
12,3,1444
12,4,1445
12,5,1446
12,6,1447
12,7,1448
12,8,1449
12,9,1450
12,10,1451
12,11,1452
12,12,1453
12,13,1454
12,14,1455
12,15,1456
12,16,1457
12,17,1458
12,18,1459
12,19,1460
12,20,1461
12,21,1462
12,22,1463
12,23,1464
12,24,1465
12,25,1466
12,26,1467
12,27,1468
12,28,1469
12,29,1470
12,30,1471
12,31,1472
12,32,1473
12,33,1474
12,34,1475
12,35,1476
12,36,1477
12,37,1478
12,38,1479
12,39,1480
12,40,1481
12,41,1482
12,42,1483
12,43,1484
12,44,1485
12,45,1486
12,46,1487
12,47,1488
12,48,1489
12,49,1490
12,50,1491
12,51,1492
12,52,1493
12,53,1494
12,54,1495
12,55,1496
12,56,1497
12,57,1498
12,58,1499
12,59,1500
12,60,1501
12,61,1502
12,62,1503
12,63,1504
12,64,1505
12,65,1506
12,66,1507
12,67,1508
12,68,1509
12,69,1510
12,70,1511
12,71,1512
12,72,1513
12,73,1514
12,74,1515
12,75,1516
12,76,1517
12,77,1518
12,78,1519
12,79,1520
12,80,1521
12,81,1522
12,82,1523
12,83,1524
12,84,1525
12,85,1526
12,86,1527
12,87,1528
12,88,1529
12,89,1530
12,90,1531
12,91,1532
12,92,1533
12,93,1534
12,94,1535
12,95,1536
12,96,1537
12,97,1538
12,98,1539
12,99,1540
12,100,1541
12,101,1542
12,102,1543
12,103,1544
12,104,1545
12,105,1546
12,106,1547
12,107,1548
12,108,1549
12,109,1550
12,110,1551
12,111,1552
12,112,1553
12,113,1554
12,114,1555
12,115,1556
12,116,1557
12,117,1558
12,118,1559
12,119,1560
13,0,1561
13,1,1562
13,2,1563
13,3,1564
13,4,1565
13,5,1566
13,6,1567
13,7,1568
13,8,1569
13,9,1570
13,10,1571
13,11,1572
13,12,1573
13,13,1574
13,14,1575
13,15,1576
13,16,1577
13,17,1578
13,18,1579
13,19,1580
13,20,1581
13,21,1582
13,22,1583
13,23,1584
13,24,1585
13,25,1586
13,26,1587
13,27,1588
13,28,1589
13,29,1590
13,30,1591
13,31,1592
13,32,1593
13,33,1594
13,34,1595
13,35,1596
13,36,1597
13,37,1598
13,38,1599
13,39,1600
13,40,1601
13,41,1602
13,42,1603
13,43,1604
13,44,1605
13,45,1606
13,46,1607
13,47,1608
13,48,1609
13,49,1610
13,50,1611
13,51,1612
13,52,1613
13,53,1614
13,54,1615
13,55,1616
13,56,1617
13,57,1618
13,58,1619
13,59,1620
13,60,1621
13,61,1622
13,62,1623
13,63,1624
13,64,1625
13,65,1626
13,66,1627
13,67,1628
13,68,1629
13,69,1630
13,70,1631
13,71,1632
13,72,1633
13,73,1634
13,74,1635
13,75,1636
13,76,1637
13,77,1638
13,78,1639
13,79,1640
13,80,1641
13,81,1642
13,82,1643
13,83,1644
13,84,1645
13,85,1646
13,86,1647
13,87,1648
13,88,1649
13,89,1650
13,90,1651
13,91,1652
13,92,1653
13,93,1654
13,94,1655
13,95,1656
13,96,1657
13,97,1658
13,98,1659
13,99,1660
13,100,1661
13,101,1662
13,102,1663
13,103,1664
13,104,1665
13,105,1666
13,106,1667
13,107,1668
13,108,1669
13,109,1670
13,110,1671
13,111,1672
13,112,1673
13,113,1674
13,114,1675
13,115,1676
13,116,1677
13,117,1678
13,118,1679
13,119,1680
14,0,1681
14,1,1682
14,2,1683
14,3,1684
14,4,1685
14,5,1686
14,6,1687
14,7,1688
14,8,1689
14,9,1690
14,10,1691
14,11,1692
14,12,1693
14,13,1694
14,14,1695
14,15,1696
14,16,1697
14,17,1698
14,18,1699
14,19,1700
14,20,1701
14,21,1702
14,22,1703
14,23,1704
14,24,1705
14,25,1706
14,26,1707
14,27,1708
14,28,1709
14,29,1710
14,30,1711
14,31,1712
14,32,1713
14,33,1714
14,34,1715
14,35,1716
14,36,1717
14,37,1718
14,38,1719
14,39,1720
14,40,1721
14,41,1722
14,42,1723
14,43,1724
14,44,1725
14,45,1726
14,46,1727
14,47,1728
14,48,1729
14,49,1730
14,50,1731
14,51,1732
14,52,1733
14,53,1734
14,54,1735
14,55,1736
14,56,1737
14,57,1738
14,58,1739
14,59,1740
14,60,1741
14,61,1742
14,62,1743
14,63,1744
14,64,1745
14,65,1746
14,66,1747
14,67,1748
14,68,1749
14,69,1750
14,70,1751
14,71,1752
14,72,1753
14,73,1754
14,74,1755
14,75,1756
14,76,1757
14,77,1758
14,78,1759
14,79,1760
14,80,1761
14,81,1762
14,82,1763
14,83,1764
14,84,1765
14,85,1766
14,86,1767
14,87,1768
14,88,1769
14,89,1770
14,90,1771
14,91,1772
14,92,1773
14,93,1774
14,94,1775
14,95,1776
14,96,1777
14,97,1778
14,98,1779
14,99,1780
14,100,1781
14,101,1782
14,102,1783
14,103,1784
14,104,1785
14,105,1786
14,106,1787
14,107,1788
14,108,1789
14,109,1790
14,110,1791
14,111,1792
14,112,1793
14,113,1794
14,114,1795
14,115,1796
14,116,1797
14,117,1798
14,118,1799
14,119,1800
15,0,1801
15,1,1802
15,2,1803
15,3,1804
15,4,1805
15,5,1806
15,6,1807
15,7,1808
15,8,1809
15,9,1810
15,10,1811
15,11,1812
15,12,1813
15,13,1814
15,14,1815
15,15,1816
15,16,1817
15,17,1818
15,18,1819
15,19,1820
15,20,1821
15,21,1822
15,22,1823
15,23,1824
15,24,1825
15,25,1826
15,26,1827
15,27,1828
15,28,1829
15,29,1830
15,30,1831
15,31,1832
15,32,1833
15,33,1834
15,34,1835
15,35,1836
15,36,1837
15,37,1838
15,38,1839
15,39,1840
15,40,1841
15,41,1842
15,42,1843
15,43,1844
15,44,1845
15,45,1846
15,46,1847
15,47,1848
15,48,1849
15,49,1850
15,50,1851
15,51,1852
15,52,1853
15,53,1854
15,54,1855
15,55,1856
15,56,1857
15,57,1858
15,58,1859
15,59,1860
15,60,1861
15,61,1862
15,62,1863
15,63,1864
15,64,1865
15,65,1866
15,66,1867
15,67,1868
15,68,1869
15,69,1870
15,70,1871
15,71,1872
15,72,1873
15,73,1874
15,74,1875
15,75,1876
15,76,1877
15,77,1878
15,78,1879
15,79,1880
15,80,1881
15,81,1882
15,82,1883
15,83,1884
15,84,1885
15,85,1886
15,86,1887
15,87,1888
15,88,1889
15,89,1890
15,90,1891
15,91,1892
15,92,1893
15,93,1894
15,94,1895
15,95,1896
15,96,1897
15,97,1898
15,98,1899
15,99,1900
15,100,1901
15,101,1902
15,102,1903
15,103,1904
15,104,1905
15,105,1906
15,106,1907
15,107,1908
15,108,1909
15,109,1910
15,110,1911
15,111,1912
15,112,1913
15,113,1914
15,114,1915
15,115,1916
15,116,1917
15,117,1918
15,118,1919
15,119,1920
16,0,1921
16,1,1922
16,2,1923
16,3,1924
16,4,1925
16,5,1926
16,6,1927
16,7,1928
16,8,1929
16,9,1930
16,10,1931
16,11,1932
16,12,1933
16,13,1934
16,14,1935
16,15,1936
16,16,1937
16,17,1938
16,18,1939
16,19,1940
16,20,1941
16,21,1942
16,22,1943
16,23,1944
16,24,1945
16,25,1946
16,26,1947
16,27,1948
16,28,1949
16,29,1950
16,30,1951
16,31,1952
16,32,1953
16,33,1954
16,34,1955
16,35,1956
16,36,1957
16,37,1958
16,38,1959
16,39,1960
16,40,1961
16,41,1962
16,42,1963
16,43,1964
16,44,1965
16,45,1966
16,46,1967
16,47,1968
16,48,1969
16,49,1970
16,50,1971
16,51,1972
16,52,1973
16,53,1974
16,54,1975
16,55,1976
16,56,1977
16,57,1978
16,58,1979
16,59,1980
16,60,1981
16,61,1982
16,62,1983
16,63,1984
16,64,1985
16,65,1986
16,66,1987
16,67,1988
16,68,1989
16,69,1990
16,70,1991
16,71,1992
16,72,1993
16,73,1994
16,74,1995
16,75,1996
16,76,1997
16,77,1998
16,78,1999
16,79,2000
16,80,2001
16,81,2002
16,82,2003
16,83,2004
16,84,2005
16,85,2006
16,86,2007
16,87,2008
16,88,2009
16,89,2010
16,90,2011
16,91,2012
16,92,2013
16,93,2014
16,94,2015
16,95,2016
16,96,2017
16,97,2018
16,98,2019
16,99,2020
16,100,2021
16,101,2022
16,102,2023
16,103,2024
16,104,2025
16,105,2026
16,106,2027
16,107,2028
16,108,2029
16,109,2030
16,110,2031
16,111,2032
16,112,2033
16,113,2034
16,114,2035
16,115,2036
16,116,2037
16,117,2038
16,118,2039
16,119,2040
17,0,2041
17,1,2042
17,2,2043
17,3,2044
17,4,2045
17,5,2046
17,6,2047
17,7,2048
17,8,2049
17,9,2050
17,10,2051
17,11,2052
17,12,2053
17,13,2054
17,14,2055
17,15,2056
17,16,2057
17,17,2058
17,18,2059
17,19,2060
17,20,2061
17,21,2062
17,22,2063
17,23,2064
17,24,2065
17,25,2066
17,26,2067
17,27,2068
17,28,2069
17,29,2070
17,30,2071
17,31,2072
17,32,2073
17,33,2074
17,34,2075
17,35,2076
17,36,2077
17,37,2078
17,38,2079
17,39,2080
17,40,2081
17,41,2082
17,42,2083
17,43,2084
17,44,2085
17,45,2086
17,46,2087
17,47,2088
17,48,2089
17,49,2090
17,50,2091
17,51,2092
17,52,2093
17,53,2094
17,54,2095
17,55,2096
17,56,2097
17,57,2098
17,58,2099
17,59,2100
17,60,2101
17,61,2102
17,62,2103
17,63,2104
17,64,2105
17,65,2106
17,66,2107
17,67,2108
17,68,2109
17,69,2110
17,70,2111
17,71,2112
17,72,2113
17,73,2114
17,74,2115
17,75,2116
17,76,2117
17,77,2118
17,78,2119
17,79,2120
17,80,2121
17,81,2122
17,82,2123
17,83,2124
17,84,2125
17,85,2126
17,86,2127
17,87,2128
17,88,2129
17,89,2130
17,90,2131
17,91,2132
17,92,2133
17,93,2134
17,94,2135
17,95,2136
17,96,2137
17,97,2138
17,98,2139
17,99,2140
17,100,2141
17,101,2142
17,102,2143
17,103,2144
17,104,2145
17,105,2146
17,106,2147
17,107,2148
17,108,2149
17,109,2150
17,110,2151
17,111,2152
17,112,2153
17,113,2154
17,114,2155
17,115,2156
17,116,2157
17,117,2158
17,118,2159
17,119,2160
18,0,2161
18,1,2162
18,2,2163
18,3,2164
18,4,2165
18,5,2166
18,6,2167
18,7,2168
18,8,2169
18,9,2170
18,10,2171
18,11,2172
18,12,2173
18,13,2174
18,14,2175
18,15,2176
18,16,2177
18,17,2178
18,18,2179
18,19,2180
18,20,2181
18,21,2182
18,22,2183
18,23,2184
18,24,2185
18,25,2186
18,26,2187
18,27,2188
18,28,2189
18,29,2190
18,30,2191
18,31,2192
18,32,2193
18,33,2194
18,34,2195
18,35,2196
18,36,2197
18,37,2198
18,38,2199
18,39,2200
18,40,2201
18,41,2202
18,42,2203
18,43,2204
18,44,2205
18,45,2206
18,46,2207
18,47,2208
18,48,2209
18,49,2210
18,50,2211
18,51,2212
18,52,2213
18,53,2214
18,54,2215
18,55,2216
18,56,2217
18,57,2218
18,58,2219
18,59,2220
18,60,2221
18,61,2222
18,62,2223
18,63,2224
18,64,2225
18,65,2226
18,66,2227
18,67,2228
18,68,2229
18,69,2230
18,70,2231
18,71,2232
18,72,2233
18,73,2234
18,74,2235
18,75,2236
18,76,2237
18,77,2238
18,78,2239
18,79,2240
18,80,2241
18,81,2242
18,82,2243
18,83,2244
18,84,2245
18,85,2246
18,86,2247
18,87,2248
18,88,2249
18,89,2250
18,90,2251
18,91,2252
18,92,2253
18,93,2254
18,94,2255
18,95,2256
18,96,2257
18,97,2258
18,98,2259
18,99,2260
18,100,2261
18,101,2262
18,102,2263
18,103,2264
18,104,2265
18,105,2266
18,106,2267
18,107,2268
18,108,2269
18,109,2270
18,110,2271
18,111,2272
18,112,2273
18,113,2274
18,114,2275
18,115,2276
18,116,2277
18,117,2278
18,118,2279
18,119,2280
19,0,2281
19,1,2282
19,2,2283
19,3,2284
19,4,2285
19,5,2286
19,6,2287
19,7,2288
19,8,2289
19,9,2290
19,10,2291
19,11,2292
19,12,2293
19,13,2294
19,14,2295
19,15,2296
19,16,2297
19,17,2298
19,18,2299
19,19,2300
19,20,2301
19,21,2302
19,22,2303
19,23,2304
19,24,2305
19,25,2306
19,26,2307
19,27,2308
19,28,2309
19,29,2310
19,30,2311
19,31,2312
19,32,2313
19,33,2314
19,34,2315
19,35,2316
19,36,2317
19,37,2318
19,38,2319
19,39,2320
19,40,2321
19,41,2322
19,42,2323
19,43,2324
19,44,2325
19,45,2326
19,46,2327
19,47,2328
19,48,2329
19,49,2330
19,50,2331
19,51,2332
19,52,2333
19,53,2334
19,54,2335
19,55,2336
19,56,2337
19,57,2338
19,58,2339
19,59,2340
19,60,2341
19,61,2342
19,62,2343
19,63,2344
19,64,2345
19,65,2346
19,66,2347
19,67,2348
19,68,2349
19,69,2350
19,70,2351
19,71,2352
19,72,2353
19,73,2354
19,74,2355
19,75,2356
19,76,2357
19,77,2358
19,78,2359
19,79,2360
19,80,2361
19,81,2362
19,82,2363
19,83,2364
19,84,2365
19,85,2366
19,86,2367
19,87,2368
19,88,2369
19,89,2370
19,90,2371
19,91,2372
19,92,2373
19,93,2374
19,94,2375
19,95,2376
19,96,2377
19,97,2378
19,98,2379
19,99,2380
19,100,2381
19,101,2382
19,102,2383
19,103,2384
19,104,2385
19,105,2386
19,106,2387
19,107,2388
19,108,2389
19,109,2390
19,110,2391
19,111,2392
19,112,2393
19,113,2394
19,114,2395
19,115,2396
19,116,2397
19,117,2398
19,118,2399
19,119,2400
20,0,2401
20,1,2402
20,2,2403
20,3,2404
20,4,2405
20,5,2406
20,6,2407
20,7,2408
20,8,2409
20,9,2410
20,10,2411
20,11,2412
20,12,2413
20,13,2414
20,14,2415
20,15,2416
20,16,2417
20,17,2418
20,18,2419
20,19,2420
20,20,2421
20,21,2422
20,22,2423
20,23,2424
20,24,2425
20,25,2426
20,26,2427
20,27,2428
20,28,2429
20,29,2430
20,30,2431
20,31,2432
20,32,2433
20,33,2434
20,34,2435
20,35,2436
20,36,2437
20,37,2438
20,38,2439
20,39,2440
20,40,2441
20,41,2442
20,42,2443
20,43,2444
20,44,2445
20,45,2446
20,46,2447
20,47,2448
20,48,2449
20,49,2450
20,50,2451
20,51,2452
20,52,2453
20,53,2454
20,54,2455
20,55,2456
20,56,2457
20,57,2458
20,58,2459
20,59,2460
20,60,2461
20,61,2462
20,62,2463
20,63,2464
20,64,2465
20,65,2466
20,66,2467
20,67,2468
20,68,2469
20,69,2470
20,70,2471
20,71,2472
20,72,2473
20,73,2474
20,74,2475
20,75,2476
20,76,2477
20,77,2478
20,78,2479
20,79,2480
20,80,2481
20,81,2482
20,82,2483
20,83,2484
20,84,2485
20,85,2486
20,86,2487
20,87,2488
20,88,2489
20,89,2490
20,90,2491
20,91,2492
20,92,2493
20,93,2494
20,94,2495
20,95,2496
20,96,2497
20,97,2498
20,98,2499
20,99,2500
20,100,2501
20,101,2502
20,102,2503
20,103,2504
20,104,2505
20,105,2506
20,106,2507
20,107,2508
20,108,2509
20,109,2510
20,110,2511
20,111,2512
20,112,2513
20,113,2514
20,114,2515
20,115,2516
20,116,2517
20,117,2518
20,118,2519
20,119,2520
21,0,2521
21,1,2522
21,2,2523
21,3,2524
21,4,2525
21,5,2526
21,6,2527
21,7,2528
21,8,2529
21,9,2530
21,10,2531
21,11,2532
21,12,2533
21,13,2534
21,14,2535
21,15,2536
21,16,2537
21,17,2538
21,18,2539
21,19,2540
21,20,2541
21,21,2542
21,22,2543
21,23,2544
21,24,2545
21,25,2546
21,26,2547
21,27,2548
21,28,2549
21,29,2550
21,30,2551
21,31,2552
21,32,2553
21,33,2554
21,34,2555
21,35,2556
21,36,2557
21,37,2558
21,38,2559
21,39,2560
21,40,2561
21,41,2562
21,42,2563
21,43,2564
21,44,2565
21,45,2566
21,46,2567
21,47,2568
21,48,2569
21,49,2570
21,50,2571
21,51,2572
21,52,2573
21,53,2574
21,54,2575
21,55,2576
21,56,2577
21,57,2578
21,58,2579
21,59,2580
21,60,2581
21,61,2582
21,62,2583
21,63,2584
21,64,2585
21,65,2586
21,66,2587
21,67,2588
21,68,2589
21,69,2590
21,70,2591
21,71,2592
21,72,2593
21,73,2594
21,74,2595
21,75,2596
21,76,2597
21,77,2598
21,78,2599
21,79,2600
21,80,2601
21,81,2602
21,82,2603
21,83,2604
21,84,2605
21,85,2606
21,86,2607
21,87,2608
21,88,2609
21,89,2610
21,90,2611
21,91,2612
21,92,2613
21,93,2614
21,94,2615
21,95,2616
21,96,2617
21,97,2618
21,98,2619
21,99,2620
21,100,2621
21,101,2622
21,102,2623
21,103,2624
21,104,2625
21,105,2626
21,106,2627
21,107,2628
21,108,2629
21,109,2630
21,110,2631
21,111,2632
21,112,2633
21,113,2634
21,114,2635
21,115,2636
21,116,2637
21,117,2638
21,118,2639
21,119,2640
22,0,2641
22,1,2642
22,2,2643
22,3,2644
22,4,2645
22,5,2646
22,6,2647
22,7,2648
22,8,2649
22,9,2650
22,10,2651
22,11,2652
22,12,2653
22,13,2654
22,14,2655
22,15,2656
22,16,2657
22,17,2658
22,18,2659
22,19,2660
22,20,2661
22,21,2662
22,22,2663
22,23,2664
22,24,2665
22,25,2666
22,26,2667
22,27,2668
22,28,2669
22,29,2670
22,30,2671
22,31,2672
22,32,2673
22,33,2674
22,34,2675
22,35,2676
22,36,2677
22,37,2678
22,38,2679
22,39,2680
22,40,2681
22,41,2682
22,42,2683
22,43,2684
22,44,2685
22,45,2686
22,46,2687
22,47,2688
22,48,2689
22,49,2690
22,50,2691
22,51,2692
22,52,2693
22,53,2694
22,54,2695
22,55,2696
22,56,2697
22,57,2698
22,58,2699
22,59,2700
22,60,2701
22,61,2702
22,62,2703
22,63,2704
22,64,2705
22,65,2706
22,66,2707
22,67,2708
22,68,2709
22,69,2710
22,70,2711
22,71,2712
22,72,2713
22,73,2714
22,74,2715
22,75,2716
22,76,2717
22,77,2718
22,78,2719
22,79,2720
22,80,2721
22,81,2722
22,82,2723
22,83,2724
22,84,2725
22,85,2726
22,86,2727
22,87,2728
22,88,2729
22,89,2730
22,90,2731
22,91,2732
22,92,2733
22,93,2734
22,94,2735
22,95,2736
22,96,2737
22,97,2738
22,98,2739
22,99,2740
22,100,2741
22,101,2742
22,102,2743
22,103,2744
22,104,2745
22,105,2746
22,106,2747
22,107,2748
22,108,2749
22,109,2750
22,110,2751
22,111,2752
22,112,2753
22,113,2754
22,114,2755
22,115,2756
22,116,2757
22,117,2758
22,118,2759
22,119,2760
23,0,2761
23,1,2762
23,2,2763
23,3,2764
23,4,2765
23,5,2766
23,6,2767
23,7,2768
23,8,2769
23,9,2770
23,10,2771
23,11,2772
23,12,2773
23,13,2774
23,14,2775
23,15,2776
23,16,2777
23,17,2778
23,18,2779
23,19,2780
23,20,2781
23,21,2782
23,22,2783
23,23,2784
23,24,2785
23,25,2786
23,26,2787
23,27,2788
23,28,2789
23,29,2790
23,30,2791
23,31,2792
23,32,2793
23,33,2794
23,34,2795
23,35,2796
23,36,2797
23,37,2798
23,38,2799
23,39,2800
23,40,2801
23,41,2802
23,42,2803
23,43,2804
23,44,2805
23,45,2806
23,46,2807
23,47,2808
23,48,2809
23,49,2810
23,50,2811
23,51,2812
23,52,2813
23,53,2814
23,54,2815
23,55,2816
23,56,2817
23,57,2818
23,58,2819
23,59,2820
23,60,2821
23,61,2822
23,62,2823
23,63,2824
23,64,2825
23,65,2826
23,66,2827
23,67,2828
23,68,2829
23,69,2830
23,70,2831
23,71,2832
23,72,2833
23,73,2834
23,74,2835
23,75,2836
23,76,2837
23,77,2838
23,78,2839
23,79,2840
23,80,2841
23,81,2842
23,82,2843
23,83,2844
23,84,2845
23,85,2846
23,86,2847
23,87,2848
23,88,2849
23,89,2850
23,90,2851
23,91,2852
23,92,2853
23,93,2854
23,94,2855
23,95,2856
23,96,2857
23,97,2858
23,98,2859
23,99,2860
23,100,2861
23,101,2862
23,102,2863
23,103,2864
23,104,2865
23,105,2866
23,106,2867
23,107,2868
23,108,2869
23,109,2870
23,110,2871
23,111,2872
23,112,2873
23,113,2874
23,114,2875
23,115,2876
23,116,2877
23,117,2878
23,118,2879
23,119,2880
24,0,2881
24,1,2882
24,2,2883
24,3,2884
24,4,2885
24,5,2886
24,6,2887
24,7,2888
24,8,2889
24,9,2890
24,10,2891
24,11,2892
24,12,2893
24,13,2894
24,14,2895
24,15,2896
24,16,2897
24,17,2898
24,18,2899
24,19,2900
24,20,2901
24,21,2902
24,22,2903
24,23,2904
24,24,2905
24,25,2906
24,26,2907
24,27,2908
24,28,2909
24,29,2910
24,30,2911
24,31,2912
24,32,2913
24,33,2914
24,34,2915
24,35,2916
24,36,2917
24,37,2918
24,38,2919
24,39,2920
24,40,2921
24,41,2922
24,42,2923
24,43,2924
24,44,2925
24,45,2926
24,46,2927
24,47,2928
24,48,2929
24,49,2930
24,50,2931
24,51,2932
24,52,2933
24,53,2934
24,54,2935
24,55,2936
24,56,2937
24,57,2938
24,58,2939
24,59,2940
24,60,2941
24,61,2942
24,62,2943
24,63,2944
24,64,2945
24,65,2946
24,66,2947
24,67,2948
24,68,2949
24,69,2950
24,70,2951
24,71,2952
24,72,2953
24,73,2954
24,74,2955
24,75,2956
24,76,2957
24,77,2958
24,78,2959
24,79,2960
24,80,2961
24,81,2962
24,82,2963
24,83,2964
24,84,2965
24,85,2966
24,86,2967
24,87,2968
24,88,2969
24,89,2970
24,90,2971
24,91,2972
24,92,2973
24,93,2974
24,94,2975
24,95,2976
24,96,2977
24,97,2978
24,98,2979
24,99,2980
24,100,2981
24,101,2982
24,102,2983
24,103,2984
24,104,2985
24,105,2986
24,106,2987
24,107,2988
24,108,2989
24,109,2990
24,110,2991
24,111,2992
24,112,2993
24,113,2994
24,114,2995
24,115,2996
24,116,2997
24,117,2998
24,118,2999
24,119,3000
25,0,3001
25,1,3002
25,2,3003
25,3,3004
25,4,3005
25,5,3006
25,6,3007
25,7,3008
25,8,3009
25,9,3010
25,10,3011
25,11,3012
25,12,3013
25,13,3014
25,14,3015
25,15,3016
25,16,3017
25,17,3018
25,18,3019
25,19,3020
25,20,3021
25,21,3022
25,22,3023
25,23,3024
25,24,3025
25,25,3026
25,26,3027
25,27,3028
25,28,3029
25,29,3030
25,30,3031
25,31,3032
25,32,3033
25,33,3034
25,34,3035
25,35,3036
25,36,3037
25,37,3038
25,38,3039
25,39,3040
25,40,3041
25,41,3042
25,42,3043
25,43,3044
25,44,3045
25,45,3046
25,46,3047
25,47,3048
25,48,3049
25,49,3050
25,50,3051
25,51,3052
25,52,3053
25,53,3054
25,54,3055
25,55,3056
25,56,3057
25,57,3058
25,58,3059
25,59,3060
25,60,3061
25,61,3062
25,62,3063
25,63,3064
25,64,3065
25,65,3066
25,66,3067
25,67,3068
25,68,3069
25,69,3070
25,70,3071
25,71,3072
25,72,3073
25,73,3074
25,74,3075
25,75,3076
25,76,3077
25,77,3078
25,78,3079
25,79,3080
25,80,3081
25,81,3082
25,82,3083
25,83,3084
25,84,3085
25,85,3086
25,86,3087
25,87,3088
25,88,3089
25,89,3090
25,90,3091
25,91,3092
25,92,3093
25,93,3094
25,94,3095
25,95,3096
25,96,3097
25,97,3098
25,98,3099
25,99,3100
25,100,3101
25,101,3102
25,102,3103
25,103,3104
25,104,3105
25,105,3106
25,106,3107
25,107,3108
25,108,3109
25,109,3110
25,110,3111
25,111,3112
25,112,3113
25,113,3114
25,114,3115
25,115,3116
25,116,3117
25,117,3118
25,118,3119
25,119,3120
26,0,3121
26,1,3122
26,2,3123
26,3,3124
26,4,3125
26,5,3126
26,6,3127
26,7,3128
26,8,3129
26,9,3130
26,10,3131
26,11,3132
26,12,3133
26,13,3134
26,14,3135
26,15,3136
26,16,3137
26,17,3138
26,18,3139
26,19,3140
26,20,3141
26,21,3142
26,22,3143
26,23,3144
26,24,3145
26,25,3146
26,26,3147
26,27,3148
26,28,3149
26,29,3150
26,30,3151
26,31,3152
26,32,3153
26,33,3154
26,34,3155
26,35,3156
26,36,3157
26,37,3158
26,38,3159
26,39,3160
26,40,3161
26,41,3162
26,42,3163
26,43,3164
26,44,3165
26,45,3166
26,46,3167
26,47,3168
26,48,3169
26,49,3170
26,50,3171
26,51,3172
26,52,3173
26,53,3174
26,54,3175
26,55,3176
26,56,3177
26,57,3178
26,58,3179
26,59,3180
26,60,3181
26,61,3182
26,62,3183
26,63,3184
26,64,3185
26,65,3186
26,66,3187
26,67,3188
26,68,3189
26,69,3190
26,70,3191
26,71,3192
26,72,3193
26,73,3194
26,74,3195
26,75,3196
26,76,3197
26,77,3198
26,78,3199
26,79,3200
26,80,3201
26,81,3202
26,82,3203
26,83,3204
26,84,3205
26,85,3206
26,86,3207
26,87,3208
26,88,3209
26,89,3210
26,90,3211
26,91,3212
26,92,3213
26,93,3214
26,94,3215
26,95,3216
26,96,3217
26,97,3218
26,98,3219
26,99,3220
26,100,3221
26,101,3222
26,102,3223
26,103,3224
26,104,3225
26,105,3226
26,106,3227
26,107,3228
26,108,3229
26,109,3230
26,110,3231
26,111,3232
26,112,3233
26,113,3234
26,114,3235
26,115,3236
26,116,3237
26,117,3238
26,118,3239
26,119,3240
27,0,3241
27,1,3242
27,2,3243
27,3,3244
27,4,3245
27,5,3246
27,6,3247
27,7,3248
27,8,3249
27,9,3250
27,10,3251
27,11,3252
27,12,3253
27,13,3254
27,14,3255
27,15,3256
27,16,3257
27,17,3258
27,18,3259
27,19,3260
27,20,3261
27,21,3262
27,22,3263
27,23,3264
27,24,3265
27,25,3266
27,26,3267
27,27,3268
27,28,3269
27,29,3270
27,30,3271
27,31,3272
27,32,3273
27,33,3274
27,34,3275
27,35,3276
27,36,3277
27,37,3278
27,38,3279
27,39,3280
27,40,3281
27,41,3282
27,42,3283
27,43,3284
27,44,3285
27,45,3286
27,46,3287
27,47,3288
27,48,3289
27,49,3290
27,50,3291
27,51,3292
27,52,3293
27,53,3294
27,54,3295
27,55,3296
27,56,3297
27,57,3298
27,58,3299
27,59,3300
27,60,3301
27,61,3302
27,62,3303
27,63,3304
27,64,3305
27,65,3306
27,66,3307
27,67,3308
27,68,3309
27,69,3310
27,70,3311
27,71,3312
27,72,3313
27,73,3314
27,74,3315
27,75,3316
27,76,3317
27,77,3318
27,78,3319
27,79,3320
27,80,3321
27,81,3322
27,82,3323
27,83,3324
27,84,3325
27,85,3326
27,86,3327
27,87,3328
27,88,3329
27,89,3330
27,90,3331
27,91,3332
27,92,3333
27,93,3334
27,94,3335
27,95,3336
27,96,3337
27,97,3338
27,98,3339
27,99,3340
27,100,3341
27,101,3342
27,102,3343
27,103,3344
27,104,3345
27,105,3346
27,106,3347
27,107,3348
27,108,3349
27,109,3350
27,110,3351
27,111,3352
27,112,3353
27,113,3354
27,114,3355
27,115,3356
27,116,3357
27,117,3358
27,118,3359
27,119,3360
28,0,3361
28,1,3362
28,2,3363
28,3,3364
28,4,3365
28,5,3366
28,6,3367
28,7,3368
28,8,3369
28,9,3370
28,10,3371
28,11,3372
28,12,3373
28,13,3374
28,14,3375
28,15,3376
28,16,3377
28,17,3378
28,18,3379
28,19,3380
28,20,3381
28,21,3382
28,22,3383
28,23,3384
28,24,3385
28,25,3386
28,26,3387
28,27,3388
28,28,3389
28,29,3390
28,30,3391
28,31,3392
28,32,3393
28,33,3394
28,34,3395
28,35,3396
28,36,3397
28,37,3398
28,38,3399
28,39,3400
28,40,3401
28,41,3402
28,42,3403
28,43,3404
28,44,3405
28,45,3406
28,46,3407
28,47,3408
28,48,3409
28,49,3410
28,50,3411
28,51,3412
28,52,3413
28,53,3414
28,54,3415
28,55,3416
28,56,3417
28,57,3418
28,58,3419
28,59,3420
28,60,3421
28,61,3422
28,62,3423
28,63,3424
28,64,3425
28,65,3426
28,66,3427
28,67,3428
28,68,3429
28,69,3430
28,70,3431
28,71,3432
28,72,3433
28,73,3434
28,74,3435
28,75,3436
28,76,3437
28,77,3438
28,78,3439
28,79,3440
28,80,3441
28,81,3442
28,82,3443
28,83,3444
28,84,3445
28,85,3446
28,86,3447
28,87,3448
28,88,3449
28,89,3450
28,90,3451
28,91,3452
28,92,3453
28,93,3454
28,94,3455
28,95,3456
28,96,3457
28,97,3458
28,98,3459
28,99,3460
28,100,3461
28,101,3462
28,102,3463
28,103,3464
28,104,3465
28,105,3466
28,106,3467
28,107,3468
28,108,3469
28,109,3470
28,110,3471
28,111,3472
28,112,3473
28,113,3474
28,114,3475
28,115,3476
28,116,3477
28,117,3478
28,118,3479
28,119,3480
29,0,3481
29,1,3482
29,2,3483
29,3,3484
29,4,3485
29,5,3486
29,6,3487
29,7,3488
29,8,3489
29,9,3490
29,10,3491
29,11,3492
29,12,3493
29,13,3494
29,14,3495
29,15,3496
29,16,3497
29,17,3498
29,18,3499
29,19,3500
29,20,3501
29,21,3502
29,22,3503
29,23,3504
29,24,3505
29,25,3506
29,26,3507
29,27,3508
29,28,3509
29,29,3510
29,30,3511
29,31,3512
29,32,3513
29,33,3514
29,34,3515
29,35,3516
29,36,3517
29,37,3518
29,38,3519
29,39,3520
29,40,3521
29,41,3522
29,42,3523
29,43,3524
29,44,3525
29,45,3526
29,46,3527
29,47,3528
29,48,3529
29,49,3530
29,50,3531
29,51,3532
29,52,3533
29,53,3534
29,54,3535
29,55,3536
29,56,3537
29,57,3538
29,58,3539
29,59,3540
29,60,3541
29,61,3542
29,62,3543
29,63,3544
29,64,3545
29,65,3546
29,66,3547
29,67,3548
29,68,3549
29,69,3550
29,70,3551
29,71,3552
29,72,3553
29,73,3554
29,74,3555
29,75,3556
29,76,3557
29,77,3558
29,78,3559
29,79,3560
29,80,3561
29,81,3562
29,82,3563
29,83,3564
29,84,3565
29,85,3566
29,86,3567
29,87,3568
29,88,3569
29,89,3570
29,90,3571
29,91,3572
29,92,3573
29,93,3574
29,94,3575
29,95,3576
29,96,3577
29,97,3578
29,98,3579
29,99,3580
29,100,3581
29,101,3582
29,102,3583
29,103,3584
29,104,3585
29,105,3586
29,106,3587
29,107,3588
29,108,3589
29,109,3590
29,110,3591
29,111,3592
29,112,3593
29,113,3594
29,114,3595
29,115,3596
29,116,3597
29,117,3598
29,118,3599
29,119,3600
30,0,3601
30,1,3602
30,2,3603
30,3,3604
30,4,3605
30,5,3606
30,6,3607
30,7,3608
30,8,3609
30,9,3610
30,10,3611
30,11,3612
30,12,3613
30,13,3614
30,14,3615
30,15,3616
30,16,3617
30,17,3618
30,18,3619
30,19,3620
30,20,3621
30,21,3622
30,22,3623
30,23,3624
30,24,3625
30,25,3626
30,26,3627
30,27,3628
30,28,3629
30,29,3630
30,30,3631
30,31,3632
30,32,3633
30,33,3634
30,34,3635
30,35,3636
30,36,3637
30,37,3638
30,38,3639
30,39,3640
30,40,3641
30,41,3642
30,42,3643
30,43,3644
30,44,3645
30,45,3646
30,46,3647
30,47,3648
30,48,3649
30,49,3650
30,50,3651
30,51,3652
30,52,3653
30,53,3654
30,54,3655
30,55,3656
30,56,3657
30,57,3658
30,58,3659
30,59,3660
30,60,3661
30,61,3662
30,62,3663
30,63,3664
30,64,3665
30,65,3666
30,66,3667
30,67,3668
30,68,3669
30,69,3670
30,70,3671
30,71,3672
30,72,3673
30,73,3674
30,74,3675
30,75,3676
30,76,3677
30,77,3678
30,78,3679
30,79,3680
30,80,3681
30,81,3682
30,82,3683
30,83,3684
30,84,3685
30,85,3686
30,86,3687
30,87,3688
30,88,3689
30,89,3690
30,90,3691
30,91,3692
30,92,3693
30,93,3694
30,94,3695
30,95,3696
30,96,3697
30,97,3698
30,98,3699
30,99,3700
30,100,3701
30,101,3702
30,102,3703
30,103,3704
30,104,3705
30,105,3706
30,106,3707
30,107,3708
30,108,3709
30,109,3710
30,110,3711
30,111,3712
30,112,3713
30,113,3714
30,114,3715
30,115,3716
30,116,3717
30,117,3718
30,118,3719
30,119,3720
31,0,3721
31,1,3722
31,2,3723
31,3,3724
31,4,3725
31,5,3726
31,6,3727
31,7,3728
31,8,3729
31,9,3730
31,10,3731
31,11,3732
31,12,3733
31,13,3734
31,14,3735
31,15,3736
31,16,3737
31,17,3738
31,18,3739
31,19,3740
31,20,3741
31,21,3742
31,22,3743
31,23,3744
31,24,3745
31,25,3746
31,26,3747
31,27,3748
31,28,3749
31,29,3750
31,30,3751
31,31,3752
31,32,3753
31,33,3754
31,34,3755
31,35,3756
31,36,3757
31,37,3758
31,38,3759
31,39,3760
31,40,3761
31,41,3762
31,42,3763
31,43,3764
31,44,3765
31,45,3766
31,46,3767
31,47,3768
31,48,3769
31,49,3770
31,50,3771
31,51,3772
31,52,3773
31,53,3774
31,54,3775
31,55,3776
31,56,3777
31,57,3778
31,58,3779
31,59,3780
31,60,3781
31,61,3782
31,62,3783
31,63,3784
31,64,3785
31,65,3786
31,66,3787
31,67,3788
31,68,3789
31,69,3790
31,70,3791
31,71,3792
31,72,3793
31,73,3794
31,74,3795
31,75,3796
31,76,3797
31,77,3798
31,78,3799
31,79,3800
31,80,3801
31,81,3802
31,82,3803
31,83,3804
31,84,3805
31,85,3806
31,86,3807
31,87,3808
31,88,3809
31,89,3810
31,90,3811
31,91,3812
31,92,3813
31,93,3814
31,94,3815
31,95,3816
31,96,3817
31,97,3818
31,98,3819
31,99,3820
31,100,3821
31,101,3822
31,102,3823
31,103,3824
31,104,3825
31,105,3826
31,106,3827
31,107,3828
31,108,3829
31,109,3830
31,110,3831
31,111,3832
31,112,3833
31,113,3834
31,114,3835
31,115,3836
31,116,3837
31,117,3838
31,118,3839
31,119,3840
32,0,3841
32,1,3842
32,2,3843
32,3,3844
32,4,3845
32,5,3846
32,6,3847
32,7,3848
32,8,3849
32,9,3850
32,10,3851
32,11,3852
32,12,3853
32,13,3854
32,14,3855
32,15,3856
32,16,3857
32,17,3858
32,18,3859
32,19,3860
32,20,3861
32,21,3862
32,22,3863
32,23,3864
32,24,3865
32,25,3866
32,26,3867
32,27,3868
32,28,3869
32,29,3870
32,30,3871
32,31,3872
32,32,3873
32,33,3874
32,34,3875
32,35,3876
32,36,3877
32,37,3878
32,38,3879
32,39,3880
32,40,3881
32,41,3882
32,42,3883
32,43,3884
32,44,3885
32,45,3886
32,46,3887
32,47,3888
32,48,3889
32,49,3890
32,50,3891
32,51,3892
32,52,3893
32,53,3894
32,54,3895
32,55,3896
32,56,3897
32,57,3898
32,58,3899
32,59,3900
32,60,3901
32,61,3902
32,62,3903
32,63,3904
32,64,3905
32,65,3906
32,66,3907
32,67,3908
32,68,3909
32,69,3910
32,70,3911
32,71,3912
32,72,3913
32,73,3914
32,74,3915
32,75,3916
32,76,3917
32,77,3918
32,78,3919
32,79,3920
32,80,3921
32,81,3922
32,82,3923
32,83,3924
32,84,3925
32,85,3926
32,86,3927
32,87,3928
32,88,3929
32,89,3930
32,90,3931
32,91,3932
32,92,3933
32,93,3934
32,94,3935
32,95,3936
32,96,3937
32,97,3938
32,98,3939
32,99,3940
32,100,3941
32,101,3942
32,102,3943
32,103,3944
32,104,3945
32,105,3946
32,106,3947
32,107,3948
32,108,3949
32,109,3950
32,110,3951
32,111,3952
32,112,3953
32,113,3954
32,114,3955
32,115,3956
32,116,3957
32,117,3958
32,118,3959
32,119,3960
33,0,3961
33,1,3962
33,2,3963
33,3,3964
33,4,3965
33,5,3966
33,6,3967
33,7,3968
33,8,3969
33,9,3970
33,10,3971
33,11,3972
33,12,3973
33,13,3974
33,14,3975
33,15,3976
33,16,3977
33,17,3978
33,18,3979
33,19,3980
33,20,3981
33,21,3982
33,22,3983
33,23,3984
33,24,3985
33,25,3986
33,26,3987
33,27,3988
33,28,3989
33,29,3990
33,30,3991
33,31,3992
33,32,3993
33,33,3994
33,34,3995
33,35,3996
33,36,3997
33,37,3998
33,38,3999
33,39,4000
33,40,4001
33,41,4002
33,42,4003
33,43,4004
33,44,4005
33,45,4006
33,46,4007
33,47,4008
33,48,4009
33,49,4010
33,50,4011
33,51,4012
33,52,4013
33,53,4014
33,54,4015
33,55,4016
33,56,4017
33,57,4018
33,58,4019
33,59,4020
33,60,4021
33,61,4022
33,62,4023
33,63,4024
33,64,4025
33,65,4026
33,66,4027
33,67,4028
33,68,4029
33,69,4030
33,70,4031
33,71,4032
33,72,4033
33,73,4034
33,74,4035
33,75,4036
33,76,4037
33,77,4038
33,78,4039
33,79,4040
33,80,4041
33,81,4042
33,82,4043
33,83,4044
33,84,4045
33,85,4046
33,86,4047
33,87,4048
33,88,4049
33,89,4050
33,90,4051
33,91,4052
33,92,4053
33,93,4054
33,94,4055
33,95,4056
33,96,4057
33,97,4058
33,98,4059
33,99,4060
33,100,4061
33,101,4062
33,102,4063
33,103,4064
33,104,4065
33,105,4066
33,106,4067
33,107,4068
33,108,4069
33,109,4070
33,110,4071
33,111,4072
33,112,4073
33,113,4074
33,114,4075
33,115,4076
33,116,4077
33,117,4078
33,118,4079
33,119,4080
34,0,4081
34,1,4082
34,2,4083
34,3,4084
34,4,4085
34,5,4086
34,6,4087
34,7,4088
34,8,4089
34,9,4090
34,10,4091
34,11,4092
34,12,4093
34,13,4094
34,14,4095
34,15,4096
34,16,4097
34,17,4098
34,18,4099
34,19,4100
34,20,4101
34,21,4102
34,22,4103
34,23,4104
34,24,4105
34,25,4106
34,26,4107
34,27,4108
34,28,4109
34,29,4110
34,30,4111
34,31,4112
34,32,4113
34,33,4114
34,34,4115
34,35,4116
34,36,4117
34,37,4118
34,38,4119
34,39,4120
34,40,4121
34,41,4122
34,42,4123
34,43,4124
34,44,4125
34,45,4126
34,46,4127
34,47,4128
34,48,4129
34,49,4130
34,50,4131
34,51,4132
34,52,4133
34,53,4134
34,54,4135
34,55,4136
34,56,4137
34,57,4138
34,58,4139
34,59,4140
34,60,4141
34,61,4142
34,62,4143
34,63,4144
34,64,4145
34,65,4146
34,66,4147
34,67,4148
34,68,4149
34,69,4150
34,70,4151
34,71,4152
34,72,4153
34,73,4154
34,74,4155
34,75,4156
34,76,4157
34,77,4158
34,78,4159
34,79,4160
34,80,4161
34,81,4162
34,82,4163
34,83,4164
34,84,4165
34,85,4166
34,86,4167
34,87,4168
34,88,4169
34,89,4170
34,90,4171
34,91,4172
34,92,4173
34,93,4174
34,94,4175
34,95,4176
34,96,4177
34,97,4178
34,98,4179
34,99,4180
34,100,4181
34,101,4182
34,102,4183
34,103,4184
34,104,4185
34,105,4186
34,106,4187
34,107,4188
34,108,4189
34,109,4190
34,110,4191
34,111,4192
34,112,4193
34,113,4194
34,114,4195
34,115,4196
34,116,4197
34,117,4198
34,118,4199
34,119,4200
35,0,4201
35,1,4202
35,2,4203
35,3,4204
35,4,4205
35,5,4206
35,6,4207
35,7,4208
35,8,4209
35,9,4210
35,10,4211
35,11,4212
35,12,4213
35,13,4214
35,14,4215
35,15,4216
35,16,4217
35,17,4218
35,18,4219
35,19,4220
35,20,4221
35,21,4222
35,22,4223
35,23,4224
35,24,4225
35,25,4226
35,26,4227
35,27,4228
35,28,4229
35,29,4230
35,30,4231
35,31,4232
35,32,4233
35,33,4234
35,34,4235
35,35,4236
35,36,4237
35,37,4238
35,38,4239
35,39,4240
35,40,4241
35,41,4242
35,42,4243
35,43,4244
35,44,4245
35,45,4246
35,46,4247
35,47,4248
35,48,4249
35,49,4250
35,50,4251
35,51,4252
35,52,4253
35,53,4254
35,54,4255
35,55,4256
35,56,4257
35,57,4258
35,58,4259
35,59,4260
35,60,4261
35,61,4262
35,62,4263
35,63,4264
35,64,4265
35,65,4266
35,66,4267
35,67,4268
35,68,4269
35,69,4270
35,70,4271
35,71,4272
35,72,4273
35,73,4274
35,74,4275
35,75,4276
35,76,4277
35,77,4278
35,78,4279
35,79,4280
35,80,4281
35,81,4282
35,82,4283
35,83,4284
35,84,4285
35,85,4286
35,86,4287
35,87,4288
35,88,4289
35,89,4290
35,90,4291
35,91,4292
35,92,4293
35,93,4294
35,94,4295
35,95,4296
35,96,4297
35,97,4298
35,98,4299
35,99,4300
35,100,4301
35,101,4302
35,102,4303
35,103,4304
35,104,4305
35,105,4306
35,106,4307
35,107,4308
35,108,4309
35,109,4310
35,110,4311
35,111,4312
35,112,4313
35,113,4314
35,114,4315
35,115,4316
35,116,4317
35,117,4318
35,118,4319
35,119,4320
36,0,4321
36,1,4322
36,2,4323
36,3,4324
36,4,4325
36,5,4326
36,6,4327
36,7,4328
36,8,4329
36,9,4330
36,10,4331
36,11,4332
36,12,4333
36,13,4334
36,14,4335
36,15,4336
36,16,4337
36,17,4338
36,18,4339
36,19,4340
36,20,4341
36,21,4342
36,22,4343
36,23,4344
36,24,4345
36,25,4346
36,26,4347
36,27,4348
36,28,4349
36,29,4350
36,30,4351
36,31,4352
36,32,4353
36,33,4354
36,34,4355
36,35,4356
36,36,4357
36,37,4358
36,38,4359
36,39,4360
36,40,4361
36,41,4362
36,42,4363
36,43,4364
36,44,4365
36,45,4366
36,46,4367
36,47,4368
36,48,4369
36,49,4370
36,50,4371
36,51,4372
36,52,4373
36,53,4374
36,54,4375
36,55,4376
36,56,4377
36,57,4378
36,58,4379
36,59,4380
36,60,4381
36,61,4382
36,62,4383
36,63,4384
36,64,4385
36,65,4386
36,66,4387
36,67,4388
36,68,4389
36,69,4390
36,70,4391
36,71,4392
36,72,4393
36,73,4394
36,74,4395
36,75,4396
36,76,4397
36,77,4398
36,78,4399
36,79,4400
36,80,4401
36,81,4402
36,82,4403
36,83,4404
36,84,4405
36,85,4406
36,86,4407
36,87,4408
36,88,4409
36,89,4410
36,90,4411
36,91,4412
36,92,4413
36,93,4414
36,94,4415
36,95,4416
36,96,4417
36,97,4418
36,98,4419
36,99,4420
36,100,4421
36,101,4422
36,102,4423
36,103,4424
36,104,4425
36,105,4426
36,106,4427
36,107,4428
36,108,4429
36,109,4430
36,110,4431
36,111,4432
36,112,4433
36,113,4434
36,114,4435
36,115,4436
36,116,4437
36,117,4438
36,118,4439
36,119,4440
37,0,4441
37,1,4442
37,2,4443
37,3,4444
37,4,4445
37,5,4446
37,6,4447
37,7,4448
37,8,4449
37,9,4450
37,10,4451
37,11,4452
37,12,4453
37,13,4454
37,14,4455
37,15,4456
37,16,4457
37,17,4458
37,18,4459
37,19,4460
37,20,4461
37,21,4462
37,22,4463
37,23,4464
37,24,4465
37,25,4466
37,26,4467
37,27,4468
37,28,4469
37,29,4470
37,30,4471
37,31,4472
37,32,4473
37,33,4474
37,34,4475
37,35,4476
37,36,4477
37,37,4478
37,38,4479
37,39,4480
37,40,4481
37,41,4482
37,42,4483
37,43,4484
37,44,4485
37,45,4486
37,46,4487
37,47,4488
37,48,4489
37,49,4490
37,50,4491
37,51,4492
37,52,4493
37,53,4494
37,54,4495
37,55,4496
37,56,4497
37,57,4498
37,58,4499
37,59,4500
37,60,4501
37,61,4502
37,62,4503
37,63,4504
37,64,4505
37,65,4506
37,66,4507
37,67,4508
37,68,4509
37,69,4510
37,70,4511
37,71,4512
37,72,4513
37,73,4514
37,74,4515
37,75,4516
37,76,4517
37,77,4518
37,78,4519
37,79,4520
37,80,4521
37,81,4522
37,82,4523
37,83,4524
37,84,4525
37,85,4526
37,86,4527
37,87,4528
37,88,4529
37,89,4530
37,90,4531
37,91,4532
37,92,4533
37,93,4534
37,94,4535
37,95,4536
37,96,4537
37,97,4538
37,98,4539
37,99,4540
37,100,4541
37,101,4542
37,102,4543
37,103,4544
37,104,4545
37,105,4546
37,106,4547
37,107,4548
37,108,4549
37,109,4550
37,110,4551
37,111,4552
37,112,4553
37,113,4554
37,114,4555
37,115,4556
37,116,4557
37,117,4558
37,118,4559
37,119,4560
38,0,4561
38,1,4562
38,2,4563
38,3,4564
38,4,4565
38,5,4566
38,6,4567
38,7,4568
38,8,4569
38,9,4570
38,10,4571
38,11,4572
38,12,4573
38,13,4574
38,14,4575
38,15,4576
38,16,4577
38,17,4578
38,18,4579
38,19,4580
38,20,4581
38,21,4582
38,22,4583
38,23,4584
38,24,4585
38,25,4586
38,26,4587
38,27,4588
38,28,4589
38,29,4590
38,30,4591
38,31,4592
38,32,4593
38,33,4594
38,34,4595
38,35,4596
38,36,4597
38,37,4598
38,38,4599
38,39,4600
38,40,4601
38,41,4602
38,42,4603
38,43,4604
38,44,4605
38,45,4606
38,46,4607
38,47,4608
38,48,4609
38,49,4610
38,50,4611
38,51,4612
38,52,4613
38,53,4614
38,54,4615
38,55,4616
38,56,4617
38,57,4618
38,58,4619
38,59,4620
38,60,4621
38,61,4622
38,62,4623
38,63,4624
38,64,4625
38,65,4626
38,66,4627
38,67,4628
38,68,4629
38,69,4630
38,70,4631
38,71,4632
38,72,4633
38,73,4634
38,74,4635
38,75,4636
38,76,4637
38,77,4638
38,78,4639
38,79,4640
38,80,4641
38,81,4642
38,82,4643
38,83,4644
38,84,4645
38,85,4646
38,86,4647
38,87,4648
38,88,4649
38,89,4650
38,90,4651
38,91,4652
38,92,4653
38,93,4654
38,94,4655
38,95,4656
38,96,4657
38,97,4658
38,98,4659
38,99,4660
38,100,4661
38,101,4662
38,102,4663
38,103,4664
38,104,4665
38,105,4666
38,106,4667
38,107,4668
38,108,4669
38,109,4670
38,110,4671
38,111,4672
38,112,4673
38,113,4674
38,114,4675
38,115,4676
38,116,4677
38,117,4678
38,118,4679
38,119,4680
39,0,4681
39,1,4682
39,2,4683
39,3,4684
39,4,4685
39,5,4686
39,6,4687
39,7,4688
39,8,4689
39,9,4690
39,10,4691
39,11,4692
39,12,4693
39,13,4694
39,14,4695
39,15,4696
39,16,4697
39,17,4698
39,18,4699
39,19,4700
39,20,4701
39,21,4702
39,22,4703
39,23,4704
39,24,4705
39,25,4706
39,26,4707
39,27,4708
39,28,4709
39,29,4710
39,30,4711
39,31,4712
39,32,4713
39,33,4714
39,34,4715
39,35,4716
39,36,4717
39,37,4718
39,38,4719
39,39,4720
39,40,4721
39,41,4722
39,42,4723
39,43,4724
39,44,4725
39,45,4726
39,46,4727
39,47,4728
39,48,4729
39,49,4730
39,50,4731
39,51,4732
39,52,4733
39,53,4734
39,54,4735
39,55,4736
39,56,4737
39,57,4738
39,58,4739
39,59,4740
39,60,4741
39,61,4742
39,62,4743
39,63,4744
39,64,4745
39,65,4746
39,66,4747
39,67,4748
39,68,4749
39,69,4750
39,70,4751
39,71,4752
39,72,4753
39,73,4754
39,74,4755
39,75,4756
39,76,4757
39,77,4758
39,78,4759
39,79,4760
39,80,4761
39,81,4762
39,82,4763
39,83,4764
39,84,4765
39,85,4766
39,86,4767
39,87,4768
39,88,4769
39,89,4770
39,90,4771
39,91,4772
39,92,4773
39,93,4774
39,94,4775
39,95,4776
39,96,4777
39,97,4778
39,98,4779
39,99,4780
39,100,4781
39,101,4782
39,102,4783
39,103,4784
39,104,4785
39,105,4786
39,106,4787
39,107,4788
39,108,4789
39,109,4790
39,110,4791
39,111,4792
39,112,4793
39,113,4794
39,114,4795
39,115,4796
39,116,4797
39,117,4798
39,118,4799
39,119,4800
