0,0,600
0,1,599
0,2,598
0,3,597
0,4,596
0,5,595
0,6,594
0,7,593
0,8,592
0,9,591
0,10,590
0,11,589
0,12,588
0,13,587
0,14,586
0,15,585
0,16,584
0,17,583
0,18,582
0,19,581
1,0,580
1,1,579
1,2,578
1,3,577
1,4,576
1,5,575
1,6,574
1,7,573
1,8,572
1,9,571
1,10,570
1,11,569
1,12,568
1,13,567
1,14,566
1,15,565
1,16,564
1,17,563
1,18,562
1,19,561
2,0,560
2,1,559
2,2,558
2,3,557
2,4,556
2,5,555
2,6,554
2,7,553
2,8,552
2,9,551
2,10,550
2,11,549
2,12,548
2,13,547
2,14,546
2,15,545
2,16,544
2,17,543
2,18,542
2,19,541
3,0,540
3,1,539
3,2,538
3,3,537
3,4,536
3,5,535
3,6,534
3,7,533
3,8,532
3,9,531
3,10,530
3,11,529
3,12,528
3,13,527
3,14,526
3,15,525
3,16,524
3,17,523
3,18,522
3,19,521
4,0,520
4,1,519
4,2,518
4,3,517
4,4,516
4,5,515
4,6,514
4,7,513
4,8,512
4,9,511
4,10,510
4,11,509
4,12,508
4,13,507
4,14,506
4,15,505
4,16,504
4,17,503
4,18,502
4,19,501
5,0,500
5,1,499
5,2,498
5,3,497
5,4,496
5,5,495
5,6,494
5,7,493
5,8,492
5,9,491
5,10,490
5,11,489
5,12,488
5,13,487
5,14,486
5,15,485
5,16,484
5,17,483
5,18,482
5,19,481
6,0,480
6,1,479
6,2,478
6,3,477
6,4,476
6,5,475
6,6,474
6,7,473
6,8,472
6,9,471
6,10,470
6,11,469
6,12,468
6,13,467
6,14,466
6,15,465
6,16,464
6,17,463
6,18,462
6,19,461
7,0,460
7,1,459
7,2,458
7,3,457
7,4,456
7,5,455
7,6,454
7,7,453
7,8,452
7,9,451
7,10,450
7,11,449
7,12,448
7,13,447
7,14,446
7,15,445
7,16,444
7,17,443
7,18,442
7,19,441
8,0,440
8,1,439
8,2,438
8,3,437
8,4,436
8,5,435
8,6,434
8,7,433
8,8,432
8,9,431
8,10,430
8,11,429
8,12,428
8,13,427
8,14,426
8,15,425
8,16,424
8,17,423
8,18,422
8,19,421
9,0,420
9,1,419
9,2,418
9,3,417
9,4,416
9,5,415
9,6,414
9,7,413
9,8,412
9,9,411
9,10,410
9,11,409
9,12,408
9,13,407
9,14,406
9,15,405
9,16,404
9,17,403
9,18,402
9,19,401
10,0,400
10,1,399
10,2,398
10,3,397
10,4,396
10,5,395
10,6,394
10,7,393
10,8,392
10,9,391
10,10,390
10,11,389
10,12,388
10,13,387
10,14,386
10,15,385
10,16,384
10,17,383
10,18,382
10,19,381
11,0,380
11,1,379
11,2,378
11,3,377
11,4,376
11,5,375
11,6,374
11,7,373
11,8,372
11,9,371
11,10,370
11,11,369
11,12,368
11,13,367
11,14,366
11,15,365
11,16,364
11,17,363
11,18,362
11,19,361
12,0,360
12,1,359
12,2,358
12,3,357
12,4,356
12,5,355
12,6,354
12,7,353
12,8,352
12,9,351
12,10,350
12,11,349
12,12,348
12,13,347
12,14,346
12,15,345
12,16,344
12,17,343
12,18,342
12,19,341
13,0,340
13,1,339
13,2,338
13,3,337
13,4,336
13,5,335
13,6,334
13,7,333
13,8,332
13,9,331
13,10,330
13,11,329
13,12,328
13,13,327
13,14,326
13,15,325
13,16,324
13,17,323
13,18,322
13,19,321
14,0,320
14,1,319
14,2,318
14,3,317
14,4,316
14,5,315
14,6,314
14,7,313
14,8,312
14,9,311
14,10,310
14,11,309
14,12,308
14,13,307
14,14,306
14,15,305
14,16,304
14,17,303
14,18,302
14,19,301
15,0,300
15,1,299
15,2,298
15,3,297
15,4,296
15,5,295
15,6,294
15,7,293
15,8,292
15,9,291
15,10,290
15,11,289
15,12,288
15,13,287
15,14,286
15,15,285
15,16,284
15,17,283
15,18,282
15,19,281
16,0,280
16,1,279
16,2,278
16,3,277
16,4,276
16,5,275
16,6,274
16,7,273
16,8,272
16,9,271
16,10,270
16,11,269
16,12,268
16,13,267
16,14,266
16,15,265
16,16,264
16,17,263
16,18,262
16,19,261
17,0,260
17,1,259
17,2,258
17,3,257
17,4,256
17,5,255
17,6,254
17,7,253
17,8,252
17,9,251
17,10,250
17,11,249
17,12,248
17,13,247
17,14,246
17,15,245
17,16,244
17,17,243
17,18,242
17,19,241
18,0,240
18,1,239
18,2,238
18,3,237
18,4,236
18,5,235
18,6,234
18,7,233
18,8,232
18,9,231
18,10,230
18,11,229
18,12,228
18,13,227
18,14,226
18,15,225
18,16,224
18,17,223
18,18,222
18,19,221
19,0,220
19,1,219
19,2,218
19,3,217
19,4,216
19,5,215
19,6,214
19,7,213
19,8,212
19,9,211
19,10,210
19,11,209
19,12,208
19,13,207
19,14,206
19,15,205
19,16,204
19,17,203
19,18,202
19,19,201
20,0,200
20,1,199
20,2,198
20,3,197
20,4,196
20,5,195
20,6,194
20,7,193
20,8,192
20,9,191
20,10,190
20,11,189
20,12,188
20,13,187
20,14,186
20,15,185
20,16,184
20,17,183
20,18,182
20,19,181
21,0,180
21,1,179
21,2,178
21,3,177
21,4,176
21,5,175
21,6,174
21,7,173
21,8,172
21,9,171
21,10,170
21,11,169
21,12,168
21,13,167
21,14,166
21,15,165
21,16,164
21,17,163
21,18,162
21,19,161
22,0,160
22,1,159
22,2,158
22,3,157
22,4,156
22,5,155
22,6,154
22,7,153
22,8,152
22,9,151
22,10,150
22,11,149
22,12,148
22,13,147
22,14,146
22,15,145
22,16,144
22,17,143
22,18,142
22,19,141
23,0,140
23,1,139
23,2,138
23,3,137
23,4,136
23,5,135
23,6,134
23,7,133
23,8,132
23,9,131
23,10,130
23,11,129
23,12,128
23,13,127
23,14,126
23,15,125
23,16,124
23,17,123
23,18,122
23,19,121
24,0,120
24,1,119
24,2,118
24,3,117
24,4,116
24,5,115
24,6,114
24,7,113
24,8,112
24,9,111
24,10,110
24,11,109
24,12,108
24,13,107
24,14,106
24,15,105
24,16,104
24,17,103
24,18,102
24,19,101
25,0,100
25,1,99
25,2,98
25,3,97
25,4,96
25,5,95
25,6,94
25,7,93
25,8,92
25,9,91
25,10,90
25,11,89
25,12,88
25,13,87
25,14,86
25,15,85
25,16,84
25,17,83
25,18,82
25,19,81
26,0,80
26,1,79
26,2,78
26,3,77
26,4,76
26,5,75
26,6,74
26,7,73
26,8,72
26,9,71
26,10,70
26,11,69
26,12,68
26,13,67
26,14,66
26,15,65
26,16,64
26,17,63
26,18,62
26,19,61
27,0,60
27,1,59
27,2,58
27,3,57
27,4,56
27,5,55
27,6,54
27,7,53
27,8,52
27,9,51
27,10,50
27,11,49
27,12,48
27,13,47
27,14,46
27,15,45
27,16,44
27,17,43
27,18,42
27,19,41
28,0,40
28,1,39
28,2,38
28,3,37
28,4,36
28,5,35
28,6,34
28,7,33
28,8,32
28,9,31
28,10,30
28,11,29
28,12,28
28,13,27
28,14,26
28,15,25
28,16,24
28,17,23
28,18,22
28,19,21
29,0,20
29,1,19
29,2,18
29,3,17
29,4,16
29,5,15
29,6,14
29,7,13
29,8,12
29,9,11
29,10,10
29,11,9
29,12,8
29,13,7
29,14,6
29,15,5
29,16,4
29,17,3
29,18,2
29,19,1
