A,0,0,1
A,0,1,2
A,0,2,3
A,0,3,4
A,0,4,5
A,0,5,6
A,0,6,7
A,0,7,8
A,0,8,9
A,0,9,10
A,0,10,11
A,0,11,12
A,0,12,13
A,0,13,14
A,0,14,15
A,0,15,16
A,0,16,17
A,0,17,18
A,0,18,19
A,0,19,20
A,0,20,21
A,0,21,22
A,0,22,23
A,0,23,24
A,0,24,25
A,0,25,26
A,0,26,27
A,0,27,28
A,0,28,29
A,0,29,30
A,0,30,31
A,0,31,32
A,0,32,33
A,0,33,34
A,0,34,35
A,0,35,36
A,0,36,37
A,0,37,38
A,0,38,39
A,0,39,40
A,0,40,41
A,0,41,42
A,0,42,43
A,0,43,44
A,0,44,45
A,0,45,46
A,0,46,47
A,0,47,48
A,0,48,49
A,0,49,50
A,0,50,51
A,0,51,52
A,0,52,53
A,0,53,54
A,0,54,55
A,0,55,56
A,0,56,57
A,0,57,58
A,0,58,59
A,0,59,60
A,1,0,61
A,1,1,62
A,1,2,63
A,1,3,64
A,1,4,65
A,1,5,66
A,1,6,67
A,1,7,68
A,1,8,69
A,1,9,70
A,1,10,71
A,1,11,72
A,1,12,73
A,1,13,74
A,1,14,75
A,1,15,76
A,1,16,77
A,1,17,78
A,1,18,79
A,1,19,80
A,1,20,81
A,1,21,82
A,1,22,83
A,1,23,84
A,1,24,85
A,1,25,86
A,1,26,87
A,1,27,88
A,1,28,89
A,1,29,90
A,1,30,91
A,1,31,92
A,1,32,93
A,1,33,94
A,1,34,95
A,1,35,96
A,1,36,97
A,1,37,98
A,1,38,99
A,1,39,100
A,1,40,101
A,1,41,102
A,1,42,103
A,1,43,104
A,1,44,105
A,1,45,106
A,1,46,107
A,1,47,108
A,1,48,109
A,1,49,110
A,1,50,111
A,1,51,112
A,1,52,113
A,1,53,114
A,1,54,115
A,1,55,116
A,1,56,117
A,1,57,118
A,1,58,119
A,1,59,120
A,2,0,121
A,2,1,122
A,2,2,123
A,2,3,124
A,2,4,125
A,2,5,126
A,2,6,127
A,2,7,128
A,2,8,129
A,2,9,130
A,2,10,131
A,2,11,132
A,2,12,133
A,2,13,134
A,2,14,135
A,2,15,136
A,2,16,137
A,2,17,138
A,2,18,139
A,2,19,140
A,2,20,141
A,2,21,142
A,2,22,143
A,2,23,144
A,2,24,145
A,2,25,146
A,2,26,147
A,2,27,148
A,2,28,149
A,2,29,150
A,2,30,151
A,2,31,152
A,2,32,153
A,2,33,154
A,2,34,155
A,2,35,156
A,2,36,157
A,2,37,158
A,2,38,159
A,2,39,160
A,2,40,161
A,2,41,162
A,2,42,163
A,2,43,164
A,2,44,165
A,2,45,166
A,2,46,167
A,2,47,168
A,2,48,169
A,2,49,170
A,2,50,171
A,2,51,172
A,2,52,173
A,2,53,174
A,2,54,175
A,2,55,176
A,2,56,177
A,2,57,178
A,2,58,179
A,2,59,180
A,3,0,181
A,3,1,182
A,3,2,183
A,3,3,184
A,3,4,185
A,3,5,186
A,3,6,187
A,3,7,188
A,3,8,189
A,3,9,190
A,3,10,191
A,3,11,192
A,3,12,193
A,3,13,194
A,3,14,195
A,3,15,196
A,3,16,197
A,3,17,198
A,3,18,199
A,3,19,200
A,3,20,201
A,3,21,202
A,3,22,203
A,3,23,204
A,3,24,205
A,3,25,206
A,3,26,207
A,3,27,208
A,3,28,209
A,3,29,210
A,3,30,211
A,3,31,212
A,3,32,213
A,3,33,214
A,3,34,215
A,3,35,216
A,3,36,217
A,3,37,218
A,3,38,219
A,3,39,220
A,3,40,221
A,3,41,222
A,3,42,223
A,3,43,224
A,3,44,225
A,3,45,226
A,3,46,227
A,3,47,228
A,3,48,229
A,3,49,230
A,3,50,231
A,3,51,232
A,3,52,233
A,3,53,234
A,3,54,235
A,3,55,236
A,3,56,237
A,3,57,238
A,3,58,239
A,3,59,240
A,4,0,241
A,4,1,242
A,4,2,243
A,4,3,244
A,4,4,245
A,4,5,246
A,4,6,247
A,4,7,248
A,4,8,249
A,4,9,250
A,4,10,251
A,4,11,252
A,4,12,253
A,4,13,254
A,4,14,255
A,4,15,256
A,4,16,257
A,4,17,258
A,4,18,259
A,4,19,260
A,4,20,261
A,4,21,262
A,4,22,263
A,4,23,264
A,4,24,265
A,4,25,266
A,4,26,267
A,4,27,268
A,4,28,269
A,4,29,270
A,4,30,271
A,4,31,272
A,4,32,273
A,4,33,274
A,4,34,275
A,4,35,276
A,4,36,277
A,4,37,278
A,4,38,279
A,4,39,280
A,4,40,281
A,4,41,282
A,4,42,283
A,4,43,284
A,4,44,285
A,4,45,286
A,4,46,287
A,4,47,288
A,4,48,289
A,4,49,290
A,4,50,291
A,4,51,292
A,4,52,293
A,4,53,294
A,4,54,295
A,4,55,296
A,4,56,297
A,4,57,298
A,4,58,299
A,4,59,300
A,5,0,301
A,5,1,302
A,5,2,303
A,5,3,304
A,5,4,305
A,5,5,306
A,5,6,307
A,5,7,308
A,5,8,309
A,5,9,310
A,5,10,311
A,5,11,312
A,5,12,313
A,5,13,314
A,5,14,315
A,5,15,316
A,5,16,317
A,5,17,318
A,5,18,319
A,5,19,320
A,5,20,321
A,5,21,322
A,5,22,323
A,5,23,324
A,5,24,325
A,5,25,326
A,5,26,327
A,5,27,328
A,5,28,329
A,5,29,330
A,5,30,331
A,5,31,332
A,5,32,333
A,5,33,334
A,5,34,335
A,5,35,336
A,5,36,337
A,5,37,338
A,5,38,339
A,5,39,340
A,5,40,341
A,5,41,342
A,5,42,343
A,5,43,344
A,5,44,345
A,5,45,346
A,5,46,347
A,5,47,348
A,5,48,349
A,5,49,350
A,5,50,351
A,5,51,352
A,5,52,353
A,5,53,354
A,5,54,355
A,5,55,356
A,5,56,357
A,5,57,358
A,5,58,359
A,5,59,360
A,6,0,361
A,6,1,362
A,6,2,363
A,6,3,364
A,6,4,365
A,6,5,366
A,6,6,367
A,6,7,368
A,6,8,369
A,6,9,370
A,6,10,371
A,6,11,372
A,6,12,373
A,6,13,374
A,6,14,375
A,6,15,376
A,6,16,377
A,6,17,378
A,6,18,379
A,6,19,380
A,6,20,381
A,6,21,382
A,6,22,383
A,6,23,384
A,6,24,385
A,6,25,386
A,6,26,387
A,6,27,388
A,6,28,389
A,6,29,390
A,6,30,391
A,6,31,392
A,6,32,393
A,6,33,394
A,6,34,395
A,6,35,396
A,6,36,397
A,6,37,398
A,6,38,399
A,6,39,400
A,6,40,401
A,6,41,402
A,6,42,403
A,6,43,404
A,6,44,405
A,6,45,406
A,6,46,407
A,6,47,408
A,6,48,409
A,6,49,410
A,6,50,411
A,6,51,412
A,6,52,413
A,6,53,414
A,6,54,415
A,6,55,416
A,6,56,417
A,6,57,418
A,6,58,419
A,6,59,420
A,7,0,421
A,7,1,422
A,7,2,423
A,7,3,424
A,7,4,425
A,7,5,426
A,7,6,427
A,7,7,428
A,7,8,429
A,7,9,430
A,7,10,431
A,7,11,432
A,7,12,433
A,7,13,434
A,7,14,435
A,7,15,436
A,7,16,437
A,7,17,438
A,7,18,439
A,7,19,440
A,7,20,441
A,7,21,442
A,7,22,443
A,7,23,444
A,7,24,445
A,7,25,446
A,7,26,447
A,7,27,448
A,7,28,449
A,7,29,450
A,7,30,451
A,7,31,452
A,7,32,453
A,7,33,454
A,7,34,455
A,7,35,456
A,7,36,457
A,7,37,458
A,7,38,459
A,7,39,460
A,7,40,461
A,7,41,462
A,7,42,463
A,7,43,464
A,7,44,465
A,7,45,466
A,7,46,467
A,7,47,468
A,7,48,469
A,7,49,470
A,7,50,471
A,7,51,472
A,7,52,473
A,7,53,474
A,7,54,475
A,7,55,476
A,7,56,477
A,7,57,478
A,7,58,479
A,7,59,480
A,8,0,481
A,8,1,482
A,8,2,483
A,8,3,484
A,8,4,485
A,8,5,486
A,8,6,487
A,8,7,488
A,8,8,489
A,8,9,490
A,8,10,491
A,8,11,492
A,8,12,493
A,8,13,494
A,8,14,495
A,8,15,496
A,8,16,497
A,8,17,498
A,8,18,499
A,8,19,500
A,8,20,501
A,8,21,502
A,8,22,503
A,8,23,504
A,8,24,505
A,8,25,506
A,8,26,507
A,8,27,508
A,8,28,509
A,8,29,510
A,8,30,511
A,8,31,512
A,8,32,513
A,8,33,514
A,8,34,515
A,8,35,516
A,8,36,517
A,8,37,518
A,8,38,519
A,8,39,520
A,8,40,521
A,8,41,522
A,8,42,523
A,8,43,524
A,8,44,525
A,8,45,526
A,8,46,527
A,8,47,528
A,8,48,529
A,8,49,530
A,8,50,531
A,8,51,532
A,8,52,533
A,8,53,534
A,8,54,535
A,8,55,536
A,8,56,537
A,8,57,538
A,8,58,539
A,8,59,540
A,9,0,541
A,9,1,542
A,9,2,543
A,9,3,544
A,9,4,545
A,9,5,546
A,9,6,547
A,9,7,548
A,9,8,549
A,9,9,550
A,9,10,551
A,9,11,552
A,9,12,553
A,9,13,554
A,9,14,555
A,9,15,556
A,9,16,557
A,9,17,558
A,9,18,559
A,9,19,560
A,9,20,561
A,9,21,562
A,9,22,563
A,9,23,564
A,9,24,565
A,9,25,566
A,9,26,567
A,9,27,568
A,9,28,569
A,9,29,570
A,9,30,571
A,9,31,572
A,9,32,573
A,9,33,574
A,9,34,575
A,9,35,576
A,9,36,577
A,9,37,578
A,9,38,579
A,9,39,580
A,9,40,581
A,9,41,582
A,9,42,583
A,9,43,584
A,9,44,585
A,9,45,586
A,9,46,587
A,9,47,588
A,9,48,589
A,9,49,590
A,9,50,591
A,9,51,592
A,9,52,593
A,9,53,594
A,9,54,595
A,9,55,596
A,9,56,597
A,9,57,598
A,9,58,599
A,9,59,600
A,10,0,601
A,10,1,602
A,10,2,603
A,10,3,604
A,10,4,605
A,10,5,606
A,10,6,607
A,10,7,608
A,10,8,609
A,10,9,610
A,10,10,611
A,10,11,612
A,10,12,613
A,10,13,614
A,10,14,615
A,10,15,616
A,10,16,617
A,10,17,618
A,10,18,619
A,10,19,620
A,10,20,621
A,10,21,622
A,10,22,623
A,10,23,624
A,10,24,625
A,10,25,626
A,10,26,627
A,10,27,628
A,10,28,629
A,10,29,630
A,10,30,631
A,10,31,632
A,10,32,633
A,10,33,634
A,10,34,635
A,10,35,636
A,10,36,637
A,10,37,638
A,10,38,639
A,10,39,640
A,10,40,641
A,10,41,642
A,10,42,643
A,10,43,644
A,10,44,645
A,10,45,646
A,10,46,647
A,10,47,648
A,10,48,649
A,10,49,650
A,10,50,651
A,10,51,652
A,10,52,653
A,10,53,654
A,10,54,655
A,10,55,656
A,10,56,657
A,10,57,658
A,10,58,659
A,10,59,660
A,11,0,661
A,11,1,662
A,11,2,663
A,11,3,664
A,11,4,665
A,11,5,666
A,11,6,667
A,11,7,668
A,11,8,669
A,11,9,670
A,11,10,671
A,11,11,672
A,11,12,673
A,11,13,674
A,11,14,675
A,11,15,676
A,11,16,677
A,11,17,678
A,11,18,679
A,11,19,680
A,11,20,681
A,11,21,682
A,11,22,683
A,11,23,684
A,11,24,685
A,11,25,686
A,11,26,687
A,11,27,688
A,11,28,689
A,11,29,690
A,11,30,691
A,11,31,692
A,11,32,693
A,11,33,694
A,11,34,695
A,11,35,696
A,11,36,697
A,11,37,698
A,11,38,699
A,11,39,700
A,11,40,701
A,11,41,702
A,11,42,703
A,11,43,704
A,11,44,705
A,11,45,706
A,11,46,707
A,11,47,708
A,11,48,709
A,11,49,710
A,11,50,711
A,11,51,712
A,11,52,713
A,11,53,714
A,11,54,715
A,11,55,716
A,11,56,717
A,11,57,718
A,11,58,719
A,11,59,720
A,12,0,721
A,12,1,722
A,12,2,723
A,12,3,724
A,12,4,725
A,12,5,726
A,12,6,727
A,12,7,728
A,12,8,729
A,12,9,730
A,12,10,731
A,12,11,732
A,12,12,733
A,12,13,734
A,12,14,735
A,12,15,736
A,12,16,737
A,12,17,738
A,12,18,739
A,12,19,740
A,12,20,741
A,12,21,742
A,12,22,743
A,12,23,744
A,12,24,745
A,12,25,746
A,12,26,747
A,12,27,748
A,12,28,749
A,12,29,750
A,12,30,751
A,12,31,752
A,12,32,753
A,12,33,754
A,12,34,755
A,12,35,756
A,12,36,757
A,12,37,758
A,12,38,759
A,12,39,760
A,12,40,761
A,12,41,762
A,12,42,763
A,12,43,764
A,12,44,765
A,12,45,766
A,12,46,767
A,12,47,768
A,12,48,769
A,12,49,770
A,12,50,771
A,12,51,772
A,12,52,773
A,12,53,774
A,12,54,775
A,12,55,776
A,12,56,777
A,12,57,778
A,12,58,779
A,12,59,780
A,13,0,781
A,13,1,782
A,13,2,783
A,13,3,784
A,13,4,785
A,13,5,786
A,13,6,787
A,13,7,788
A,13,8,789
A,13,9,790
A,13,10,791
A,13,11,792
A,13,12,793
A,13,13,794
A,13,14,795
A,13,15,796
A,13,16,797
A,13,17,798
A,13,18,799
A,13,19,800
A,13,20,801
A,13,21,802
A,13,22,803
A,13,23,804
A,13,24,805
A,13,25,806
A,13,26,807
A,13,27,808
A,13,28,809
A,13,29,810
A,13,30,811
A,13,31,812
A,13,32,813
A,13,33,814
A,13,34,815
A,13,35,816
A,13,36,817
A,13,37,818
A,13,38,819
A,13,39,820
A,13,40,821
A,13,41,822
A,13,42,823
A,13,43,824
A,13,44,825
A,13,45,826
A,13,46,827
A,13,47,828
A,13,48,829
A,13,49,830
A,13,50,831
A,13,51,832
A,13,52,833
A,13,53,834
A,13,54,835
A,13,55,836
A,13,56,837
A,13,57,838
A,13,58,839
A,13,59,840
A,14,0,841
A,14,1,842
A,14,2,843
A,14,3,844
A,14,4,845
A,14,5,846
A,14,6,847
A,14,7,848
A,14,8,849
A,14,9,850
A,14,10,851
A,14,11,852
A,14,12,853
A,14,13,854
A,14,14,855
A,14,15,856
A,14,16,857
A,14,17,858
A,14,18,859
A,14,19,860
A,14,20,861
A,14,21,862
A,14,22,863
A,14,23,864
A,14,24,865
A,14,25,866
A,14,26,867
A,14,27,868
A,14,28,869
A,14,29,870
A,14,30,871
A,14,31,872
A,14,32,873
A,14,33,874
A,14,34,875
A,14,35,876
A,14,36,877
A,14,37,878
A,14,38,879
A,14,39,880
A,14,40,881
A,14,41,882
A,14,42,883
A,14,43,884
A,14,44,885
A,14,45,886
A,14,46,887
A,14,47,888
A,14,48,889
A,14,49,890
A,14,50,891
A,14,51,892
A,14,52,893
A,14,53,894
A,14,54,895
A,14,55,896
A,14,56,897
A,14,57,898
A,14,58,899
A,14,59,900
A,15,0,901
A,15,1,902
A,15,2,903
A,15,3,904
A,15,4,905
A,15,5,906
A,15,6,907
A,15,7,908
A,15,8,909
A,15,9,910
A,15,10,911
A,15,11,912
A,15,12,913
A,15,13,914
A,15,14,915
A,15,15,916
A,15,16,917
A,15,17,918
A,15,18,919
A,15,19,920
A,15,20,921
A,15,21,922
A,15,22,923
A,15,23,924
A,15,24,925
A,15,25,926
A,15,26,927
A,15,27,928
A,15,28,929
A,15,29,930
A,15,30,931
A,15,31,932
A,15,32,933
A,15,33,934
A,15,34,935
A,15,35,936
A,15,36,937
A,15,37,938
A,15,38,939
A,15,39,940
A,15,40,941
A,15,41,942
A,15,42,943
A,15,43,944
A,15,44,945
A,15,45,946
A,15,46,947
A,15,47,948
A,15,48,949
A,15,49,950
A,15,50,951
A,15,51,952
A,15,52,953
A,15,53,954
A,15,54,955
A,15,55,956
A,15,56,957
A,15,57,958
A,15,58,959
A,15,59,960
A,16,0,961
A,16,1,962
A,16,2,963
A,16,3,964
A,16,4,965
A,16,5,966
A,16,6,967
A,16,7,968
A,16,8,969
A,16,9,970
A,16,10,971
A,16,11,972
A,16,12,973
A,16,13,974
A,16,14,975
A,16,15,976
A,16,16,977
A,16,17,978
A,16,18,979
A,16,19,980
A,16,20,981
A,16,21,982
A,16,22,983
A,16,23,984
A,16,24,985
A,16,25,986
A,16,26,987
A,16,27,988
A,16,28,989
A,16,29,990
A,16,30,991
A,16,31,992
A,16,32,993
A,16,33,994
A,16,34,995
A,16,35,996
A,16,36,997
A,16,37,998
A,16,38,999
A,16,39,1000
A,16,40,1001
A,16,41,1002
A,16,42,1003
A,16,43,1004
A,16,44,1005
A,16,45,1006
A,16,46,1007
A,16,47,1008
A,16,48,1009
A,16,49,1010
A,16,50,1011
A,16,51,1012
A,16,52,1013
A,16,53,1014
A,16,54,1015
A,16,55,1016
A,16,56,1017
A,16,57,1018
A,16,58,1019
A,16,59,1020
A,17,0,1021
A,17,1,1022
A,17,2,1023
A,17,3,1024
A,17,4,1025
A,17,5,1026
A,17,6,1027
A,17,7,1028
A,17,8,1029
A,17,9,1030
A,17,10,1031
A,17,11,1032
A,17,12,1033
A,17,13,1034
A,17,14,1035
A,17,15,1036
A,17,16,1037
A,17,17,1038
A,17,18,1039
A,17,19,1040
A,17,20,1041
A,17,21,1042
A,17,22,1043
A,17,23,1044
A,17,24,1045
A,17,25,1046
A,17,26,1047
A,17,27,1048
A,17,28,1049
A,17,29,1050
A,17,30,1051
A,17,31,1052
A,17,32,1053
A,17,33,1054
A,17,34,1055
A,17,35,1056
A,17,36,1057
A,17,37,1058
A,17,38,1059
A,17,39,1060
A,17,40,1061
A,17,41,1062
A,17,42,1063
A,17,43,1064
A,17,44,1065
A,17,45,1066
A,17,46,1067
A,17,47,1068
A,17,48,1069
A,17,49,1070
A,17,50,1071
A,17,51,1072
A,17,52,1073
A,17,53,1074
A,17,54,1075
A,17,55,1076
A,17,56,1077
A,17,57,1078
A,17,58,1079
A,17,59,1080
A,18,0,1081
A,18,1,1082
A,18,2,1083
A,18,3,1084
A,18,4,1085
A,18,5,1086
A,18,6,1087
A,18,7,1088
A,18,8,1089
A,18,9,1090
A,18,10,1091
A,18,11,1092
A,18,12,1093
A,18,13,1094
A,18,14,1095
A,18,15,1096
A,18,16,1097
A,18,17,1098
A,18,18,1099
A,18,19,1100
A,18,20,1101
A,18,21,1102
A,18,22,1103
A,18,23,1104
A,18,24,1105
A,18,25,1106
A,18,26,1107
A,18,27,1108
A,18,28,1109
A,18,29,1110
A,18,30,1111
A,18,31,1112
A,18,32,1113
A,18,33,1114
A,18,34,1115
A,18,35,1116
A,18,36,1117
A,18,37,1118
A,18,38,1119
A,18,39,1120
A,18,40,1121
A,18,41,1122
A,18,42,1123
A,18,43,1124
A,18,44,1125
A,18,45,1126
A,18,46,1127
A,18,47,1128
A,18,48,1129
A,18,49,1130
A,18,50,1131
A,18,51,1132
A,18,52,1133
A,18,53,1134
A,18,54,1135
A,18,55,1136
A,18,56,1137
A,18,57,1138
A,18,58,1139
A,18,59,1140
A,19,0,1141
A,19,1,1142
A,19,2,1143
A,19,3,1144
A,19,4,1145
A,19,5,1146
A,19,6,1147
A,19,7,1148
A,19,8,1149
A,19,9,1150
A,19,10,1151
A,19,11,1152
A,19,12,1153
A,19,13,1154
A,19,14,1155
A,19,15,1156
A,19,16,1157
A,19,17,1158
A,19,18,1159
A,19,19,1160
A,19,20,1161
A,19,21,1162
A,19,22,1163
A,19,23,1164
A,19,24,1165
A,19,25,1166
A,19,26,1167
A,19,27,1168
A,19,28,1169
A,19,29,1170
A,19,30,1171
A,19,31,1172
A,19,32,1173
A,19,33,1174
A,19,34,1175
A,19,35,1176
A,19,36,1177
A,19,37,1178
A,19,38,1179
A,19,39,1180
A,19,40,1181
A,19,41,1182
A,19,42,1183
A,19,43,1184
A,19,44,1185
A,19,45,1186
A,19,46,1187
A,19,47,1188
A,19,48,1189
A,19,49,1190
A,19,50,1191
A,19,51,1192
A,19,52,1193
A,19,53,1194
A,19,54,1195
A,19,55,1196
A,19,56,1197
A,19,57,1198
A,19,58,1199
A,19,59,1200
B,0,0,2400
B,0,1,2399
B,0,2,2398
B,0,3,2397
B,0,4,2396
B,0,5,2395
B,0,6,2394
B,0,7,2393
B,0,8,2392
B,0,9,2391
B,0,10,2390
B,0,11,2389
B,0,12,2388
B,0,13,2387
B,0,14,2386
B,0,15,2385
B,0,16,2384
B,0,17,2383
B,0,18,2382
B,0,19,2381
B,0,20,2380
B,0,21,2379
B,0,22,2378
B,0,23,2377
B,0,24,2376
B,0,25,2375
B,0,26,2374
B,0,27,2373
B,0,28,2372
B,0,29,2371
B,0,30,2370
B,0,31,2369
B,0,32,2368
B,0,33,2367
B,0,34,2366
B,0,35,2365
B,0,36,2364
B,0,37,2363
B,0,38,2362
B,0,39,2361
B,1,0,2360
B,1,1,2359
B,1,2,2358
B,1,3,2357
B,1,4,2356
B,1,5,2355
B,1,6,2354
B,1,7,2353
B,1,8,2352
B,1,9,2351
B,1,10,2350
B,1,11,2349
B,1,12,2348
B,1,13,2347
B,1,14,2346
B,1,15,2345
B,1,16,2344
B,1,17,2343
B,1,18,2342
B,1,19,2341
B,1,20,2340
B,1,21,2339
B,1,22,2338
B,1,23,2337
B,1,24,2336
B,1,25,2335
B,1,26,2334
B,1,27,2333
B,1,28,2332
B,1,29,2331
B,1,30,2330
B,1,31,2329
B,1,32,2328
B,1,33,2327
B,1,34,2326
B,1,35,2325
B,1,36,2324
B,1,37,2323
B,1,38,2322
B,1,39,2321
B,2,0,2320
B,2,1,2319
B,2,2,2318
B,2,3,2317
B,2,4,2316
B,2,5,2315
B,2,6,2314
B,2,7,2313
B,2,8,2312
B,2,9,2311
B,2,10,2310
B,2,11,2309
B,2,12,2308
B,2,13,2307
B,2,14,2306
B,2,15,2305
B,2,16,2304
B,2,17,2303
B,2,18,2302
B,2,19,2301
B,2,20,2300
B,2,21,2299
B,2,22,2298
B,2,23,2297
B,2,24,2296
B,2,25,2295
B,2,26,2294
B,2,27,2293
B,2,28,2292
B,2,29,2291
B,2,30,2290
B,2,31,2289
B,2,32,2288
B,2,33,2287
B,2,34,2286
B,2,35,2285
B,2,36,2284
B,2,37,2283
B,2,38,2282
B,2,39,2281
B,3,0,2280
B,3,1,2279
B,3,2,2278
B,3,3,2277
B,3,4,2276
B,3,5,2275
B,3,6,2274
B,3,7,2273
B,3,8,2272
B,3,9,2271
B,3,10,2270
B,3,11,2269
B,3,12,2268
B,3,13,2267
B,3,14,2266
B,3,15,2265
B,3,16,2264
B,3,17,2263
B,3,18,2262
B,3,19,2261
B,3,20,2260
B,3,21,2259
B,3,22,2258
B,3,23,2257
B,3,24,2256
B,3,25,2255
B,3,26,2254
B,3,27,2253
B,3,28,2252
B,3,29,2251
B,3,30,2250
B,3,31,2249
B,3,32,2248
B,3,33,2247
B,3,34,2246
B,3,35,2245
B,3,36,2244
B,3,37,2243
B,3,38,2242
B,3,39,2241
B,4,0,2240
B,4,1,2239
B,4,2,2238
B,4,3,2237
B,4,4,2236
B,4,5,2235
B,4,6,2234
B,4,7,2233
B,4,8,2232
B,4,9,2231
B,4,10,2230
B,4,11,2229
B,4,12,2228
B,4,13,2227
B,4,14,2226
B,4,15,2225
B,4,16,2224
B,4,17,2223
B,4,18,2222
B,4,19,2221
B,4,20,2220
B,4,21,2219
B,4,22,2218
B,4,23,2217
B,4,24,2216
B,4,25,2215
B,4,26,2214
B,4,27,2213
B,4,28,2212
B,4,29,2211
B,4,30,2210
B,4,31,2209
B,4,32,2208
B,4,33,2207
B,4,34,2206
B,4,35,2205
B,4,36,2204
B,4,37,2203
B,4,38,2202
B,4,39,2201
B,5,0,2200
B,5,1,2199
B,5,2,2198
B,5,3,2197
B,5,4,2196
B,5,5,2195
B,5,6,2194
B,5,7,2193
B,5,8,2192
B,5,9,2191
B,5,10,2190
B,5,11,2189
B,5,12,2188
B,5,13,2187
B,5,14,2186
B,5,15,2185
B,5,16,2184
B,5,17,2183
B,5,18,2182
B,5,19,2181
B,5,20,2180
B,5,21,2179
B,5,22,2178
B,5,23,2177
B,5,24,2176
B,5,25,2175
B,5,26,2174
B,5,27,2173
B,5,28,2172
B,5,29,2171
B,5,30,2170
B,5,31,2169
B,5,32,2168
B,5,33,2167
B,5,34,2166
B,5,35,2165
B,5,36,2164
B,5,37,2163
B,5,38,2162
B,5,39,2161
B,6,0,2160
B,6,1,2159
B,6,2,2158
B,6,3,2157
B,6,4,2156
B,6,5,2155
B,6,6,2154
B,6,7,2153
B,6,8,2152
B,6,9,2151
B,6,10,2150
B,6,11,2149
B,6,12,2148
B,6,13,2147
B,6,14,2146
B,6,15,2145
B,6,16,2144
B,6,17,2143
B,6,18,2142
B,6,19,2141
B,6,20,2140
B,6,21,2139
B,6,22,2138
B,6,23,2137
B,6,24,2136
B,6,25,2135
B,6,26,2134
B,6,27,2133
B,6,28,2132
B,6,29,2131
B,6,30,2130
B,6,31,2129
B,6,32,2128
B,6,33,2127
B,6,34,2126
B,6,35,2125
B,6,36,2124
B,6,37,2123
B,6,38,2122
B,6,39,2121
B,7,0,2120
B,7,1,2119
B,7,2,2118
B,7,3,2117
B,7,4,2116
B,7,5,2115
B,7,6,2114
B,7,7,2113
B,7,8,2112
B,7,9,2111
B,7,10,2110
B,7,11,2109
B,7,12,2108
B,7,13,2107
B,7,14,2106
B,7,15,2105
B,7,16,2104
B,7,17,2103
B,7,18,2102
B,7,19,2101
B,7,20,2100
B,7,21,2099
B,7,22,2098
B,7,23,2097
B,7,24,2096
B,7,25,2095
B,7,26,2094
B,7,27,2093
B,7,28,2092
B,7,29,2091
B,7,30,2090
B,7,31,2089
B,7,32,2088
B,7,33,2087
B,7,34,2086
B,7,35,2085
B,7,36,2084
B,7,37,2083
B,7,38,2082
B,7,39,2081
B,8,0,2080
B,8,1,2079
B,8,2,2078
B,8,3,2077
B,8,4,2076
B,8,5,2075
B,8,6,2074
B,8,7,2073
B,8,8,2072
B,8,9,2071
B,8,10,2070
B,8,11,2069
B,8,12,2068
B,8,13,2067
B,8,14,2066
B,8,15,2065
B,8,16,2064
B,8,17,2063
B,8,18,2062
B,8,19,2061
B,8,20,2060
B,8,21,2059
B,8,22,2058
B,8,23,2057
B,8,24,2056
B,8,25,2055
B,8,26,2054
B,8,27,2053
B,8,28,2052
B,8,29,2051
B,8,30,2050
B,8,31,2049
B,8,32,2048
B,8,33,2047
B,8,34,2046
B,8,35,2045
B,8,36,2044
B,8,37,2043
B,8,38,2042
B,8,39,2041
B,9,0,2040
B,9,1,2039
B,9,2,2038
B,9,3,2037
B,9,4,2036
B,9,5,2035
B,9,6,2034
B,9,7,2033
B,9,8,2032
B,9,9,2031
B,9,10,2030
B,9,11,2029
B,9,12,2028
B,9,13,2027
B,9,14,2026
B,9,15,2025
B,9,16,2024
B,9,17,2023
B,9,18,2022
B,9,19,2021
B,9,20,2020
B,9,21,2019
B,9,22,2018
B,9,23,2017
B,9,24,2016
B,9,25,2015
B,9,26,2014
B,9,27,2013
B,9,28,2012
B,9,29,2011
B,9,30,2010
B,9,31,2009
B,9,32,2008
B,9,33,2007
B,9,34,2006
B,9,35,2005
B,9,36,2004
B,9,37,2003
B,9,38,2002
B,9,39,2001
B,10,0,2000
B,10,1,1999
B,10,2,1998
B,10,3,1997
B,10,4,1996
B,10,5,1995
B,10,6,1994
B,10,7,1993
B,10,8,1992
B,10,9,1991
B,10,10,1990
B,10,11,1989
B,10,12,1988
B,10,13,1987
B,10,14,1986
B,10,15,1985
B,10,16,1984
B,10,17,1983
B,10,18,1982
B,10,19,1981
B,10,20,1980
B,10,21,1979
B,10,22,1978
B,10,23,1977
B,10,24,1976
B,10,25,1975
B,10,26,1974
B,10,27,1973
B,10,28,1972
B,10,29,1971
B,10,30,1970
B,10,31,1969
B,10,32,1968
B,10,33,1967
B,10,34,1966
B,10,35,1965
B,10,36,1964
B,10,37,1963
B,10,38,1962
B,10,39,1961
B,11,0,1960
B,11,1,1959
B,11,2,1958
B,11,3,1957
B,11,4,1956
B,11,5,1955
B,11,6,1954
B,11,7,1953
B,11,8,1952
B,11,9,1951
B,11,10,1950
B,11,11,1949
B,11,12,1948
B,11,13,1947
B,11,14,1946
B,11,15,1945
B,11,16,1944
B,11,17,1943
B,11,18,1942
B,11,19,1941
B,11,20,1940
B,11,21,1939
B,11,22,1938
B,11,23,1937
B,11,24,1936
B,11,25,1935
B,11,26,1934
B,11,27,1933
B,11,28,1932
B,11,29,1931
B,11,30,1930
B,11,31,1929
B,11,32,1928
B,11,33,1927
B,11,34,1926
B,11,35,1925
B,11,36,1924
B,11,37,1923
B,11,38,1922
B,11,39,1921
B,12,0,1920
B,12,1,1919
B,12,2,1918
B,12,3,1917
B,12,4,1916
B,12,5,1915
B,12,6,1914
B,12,7,1913
B,12,8,1912
B,12,9,1911
B,12,10,1910
B,12,11,1909
B,12,12,1908
B,12,13,1907
B,12,14,1906
B,12,15,1905
B,12,16,1904
B,12,17,1903
B,12,18,1902
B,12,19,1901
B,12,20,1900
B,12,21,1899
B,12,22,1898
B,12,23,1897
B,12,24,1896
B,12,25,1895
B,12,26,1894
B,12,27,1893
B,12,28,1892
B,12,29,1891
B,12,30,1890
B,12,31,1889
B,12,32,1888
B,12,33,1887
B,12,34,1886
B,12,35,1885
B,12,36,1884
B,12,37,1883
B,12,38,1882
B,12,39,1881
B,13,0,1880
B,13,1,1879
B,13,2,1878
B,13,3,1877
B,13,4,1876
B,13,5,1875
B,13,6,1874
B,13,7,1873
B,13,8,1872
B,13,9,1871
B,13,10,1870
B,13,11,1869
B,13,12,1868
B,13,13,1867
B,13,14,1866
B,13,15,1865
B,13,16,1864
B,13,17,1863
B,13,18,1862
B,13,19,1861
B,13,20,1860
B,13,21,1859
B,13,22,1858
B,13,23,1857
B,13,24,1856
B,13,25,1855
B,13,26,1854
B,13,27,1853
B,13,28,1852
B,13,29,1851
B,13,30,1850
B,13,31,1849
B,13,32,1848
B,13,33,1847
B,13,34,1846
B,13,35,1845
B,13,36,1844
B,13,37,1843
B,13,38,1842
B,13,39,1841
B,14,0,1840
B,14,1,1839
B,14,2,1838
B,14,3,1837
B,14,4,1836
B,14,5,1835
B,14,6,1834
B,14,7,1833
B,14,8,1832
B,14,9,1831
B,14,10,1830
B,14,11,1829
B,14,12,1828
B,14,13,1827
B,14,14,1826
B,14,15,1825
B,14,16,1824
B,14,17,1823
B,14,18,1822
B,14,19,1821
B,14,20,1820
B,14,21,1819
B,14,22,1818
B,14,23,1817
B,14,24,1816
B,14,25,1815
B,14,26,1814
B,14,27,1813
B,14,28,1812
B,14,29,1811
B,14,30,1810
B,14,31,1809
B,14,32,1808
B,14,33,1807
B,14,34,1806
B,14,35,1805
B,14,36,1804
B,14,37,1803
B,14,38,1802
B,14,39,1801
B,15,0,1800
B,15,1,1799
B,15,2,1798
B,15,3,1797
B,15,4,1796
B,15,5,1795
B,15,6,1794
B,15,7,1793
B,15,8,1792
B,15,9,1791
B,15,10,1790
B,15,11,1789
B,15,12,1788
B,15,13,1787
B,15,14,1786
B,15,15,1785
B,15,16,1784
B,15,17,1783
B,15,18,1782
B,15,19,1781
B,15,20,1780
B,15,21,1779
B,15,22,1778
B,15,23,1777
B,15,24,1776
B,15,25,1775
B,15,26,1774
B,15,27,1773
B,15,28,1772
B,15,29,1771
B,15,30,1770
B,15,31,1769
B,15,32,1768
B,15,33,1767
B,15,34,1766
B,15,35,1765
B,15,36,1764
B,15,37,1763
B,15,38,1762
B,15,39,1761
B,16,0,1760
B,16,1,1759
B,16,2,1758
B,16,3,1757
B,16,4,1756
B,16,5,1755
B,16,6,1754
B,16,7,1753
B,16,8,1752
B,16,9,1751
B,16,10,1750
B,16,11,1749
B,16,12,1748
B,16,13,1747
B,16,14,1746
B,16,15,1745
B,16,16,1744
B,16,17,1743
B,16,18,1742
B,16,19,1741
B,16,20,1740
B,16,21,1739
B,16,22,1738
B,16,23,1737
B,16,24,1736
B,16,25,1735
B,16,26,1734
B,16,27,1733
B,16,28,1732
B,16,29,1731
B,16,30,1730
B,16,31,1729
B,16,32,1728
B,16,33,1727
B,16,34,1726
B,16,35,1725
B,16,36,1724
B,16,37,1723
B,16,38,1722
B,16,39,1721
B,17,0,1720
B,17,1,1719
B,17,2,1718
B,17,3,1717
B,17,4,1716
B,17,5,1715
B,17,6,1714
B,17,7,1713
B,17,8,1712
B,17,9,1711
B,17,10,1710
B,17,11,1709
B,17,12,1708
B,17,13,1707
B,17,14,1706
B,17,15,1705
B,17,16,1704
B,17,17,1703
B,17,18,1702
B,17,19,1701
B,17,20,1700
B,17,21,1699
B,17,22,1698
B,17,23,1697
B,17,24,1696
B,17,25,1695
B,17,26,1694
B,17,27,1693
B,17,28,1692
B,17,29,1691
B,17,30,1690
B,17,31,1689
B,17,32,1688
B,17,33,1687
B,17,34,1686
B,17,35,1685
B,17,36,1684
B,17,37,1683
B,17,38,1682
B,17,39,1681
B,18,0,1680
B,18,1,1679
B,18,2,1678
B,18,3,1677
B,18,4,1676
B,18,5,1675
B,18,6,1674
B,18,7,1673
B,18,8,1672
B,18,9,1671
B,18,10,1670
B,18,11,1669
B,18,12,1668
B,18,13,1667
B,18,14,1666
B,18,15,1665
B,18,16,1664
B,18,17,1663
B,18,18,1662
B,18,19,1661
B,18,20,1660
B,18,21,1659
B,18,22,1658
B,18,23,1657
B,18,24,1656
B,18,25,1655
B,18,26,1654
B,18,27,1653
B,18,28,1652
B,18,29,1651
B,18,30,1650
B,18,31,1649
B,18,32,1648
B,18,33,1647
B,18,34,1646
B,18,35,1645
B,18,36,1644
B,18,37,1643
B,18,38,1642
B,18,39,1641
B,19,0,1640
B,19,1,1639
B,19,2,1638
B,19,3,1637
B,19,4,1636
B,19,5,1635
B,19,6,1634
B,19,7,1633
B,19,8,1632
B,19,9,1631
B,19,10,1630
B,19,11,1629
B,19,12,1628
B,19,13,1627
B,19,14,1626
B,19,15,1625
B,19,16,1624
B,19,17,1623
B,19,18,1622
B,19,19,1621
B,19,20,1620
B,19,21,1619
B,19,22,1618
B,19,23,1617
B,19,24,1616
B,19,25,1615
B,19,26,1614
B,19,27,1613
B,19,28,1612
B,19,29,1611
B,19,30,1610
B,19,31,1609
B,19,32,1608
B,19,33,1607
B,19,34,1606
B,19,35,1605
B,19,36,1604
B,19,37,1603
B,19,38,1602
B,19,39,1601
B,20,0,1600
B,20,1,1599
B,20,2,1598
B,20,3,1597
B,20,4,1596
B,20,5,1595
B,20,6,1594
B,20,7,1593
B,20,8,1592
B,20,9,1591
B,20,10,1590
B,20,11,1589
B,20,12,1588
B,20,13,1587
B,20,14,1586
B,20,15,1585
B,20,16,1584
B,20,17,1583
B,20,18,1582
B,20,19,1581
B,20,20,1580
B,20,21,1579
B,20,22,1578
B,20,23,1577
B,20,24,1576
B,20,25,1575
B,20,26,1574
B,20,27,1573
B,20,28,1572
B,20,29,1571
B,20,30,1570
B,20,31,1569
B,20,32,1568
B,20,33,1567
B,20,34,1566
B,20,35,1565
B,20,36,1564
B,20,37,1563
B,20,38,1562
B,20,39,1561
B,21,0,1560
B,21,1,1559
B,21,2,1558
B,21,3,1557
B,21,4,1556
B,21,5,1555
B,21,6,1554
B,21,7,1553
B,21,8,1552
B,21,9,1551
B,21,10,1550
B,21,11,1549
B,21,12,1548
B,21,13,1547
B,21,14,1546
B,21,15,1545
B,21,16,1544
B,21,17,1543
B,21,18,1542
B,21,19,1541
B,21,20,1540
B,21,21,1539
B,21,22,1538
B,21,23,1537
B,21,24,1536
B,21,25,1535
B,21,26,1534
B,21,27,1533
B,21,28,1532
B,21,29,1531
B,21,30,1530
B,21,31,1529
B,21,32,1528
B,21,33,1527
B,21,34,1526
B,21,35,1525
B,21,36,1524
B,21,37,1523
B,21,38,1522
B,21,39,1521
B,22,0,1520
B,22,1,1519
B,22,2,1518
B,22,3,1517
B,22,4,1516
B,22,5,1515
B,22,6,1514
B,22,7,1513
B,22,8,1512
B,22,9,1511
B,22,10,1510
B,22,11,1509
B,22,12,1508
B,22,13,1507
B,22,14,1506
B,22,15,1505
B,22,16,1504
B,22,17,1503
B,22,18,1502
B,22,19,1501
B,22,20,1500
B,22,21,1499
B,22,22,1498
B,22,23,1497
B,22,24,1496
B,22,25,1495
B,22,26,1494
B,22,27,1493
B,22,28,1492
B,22,29,1491
B,22,30,1490
B,22,31,1489
B,22,32,1488
B,22,33,1487
B,22,34,1486
B,22,35,1485
B,22,36,1484
B,22,37,1483
B,22,38,1482
B,22,39,1481
B,23,0,1480
B,23,1,1479
B,23,2,1478
B,23,3,1477
B,23,4,1476
B,23,5,1475
B,23,6,1474
B,23,7,1473
B,23,8,1472
B,23,9,1471
B,23,10,1470
B,23,11,1469
B,23,12,1468
B,23,13,1467
B,23,14,1466
B,23,15,1465
B,23,16,1464
B,23,17,1463
B,23,18,1462
B,23,19,1461
B,23,20,1460
B,23,21,1459
B,23,22,1458
B,23,23,1457
B,23,24,1456
B,23,25,1455
B,23,26,1454
B,23,27,1453
B,23,28,1452
B,23,29,1451
B,23,30,1450
B,23,31,1449
B,23,32,1448
B,23,33,1447
B,23,34,1446
B,23,35,1445
B,23,36,1444
B,23,37,1443
B,23,38,1442
B,23,39,1441
B,24,0,1440
B,24,1,1439
B,24,2,1438
B,24,3,1437
B,24,4,1436
B,24,5,1435
B,24,6,1434
B,24,7,1433
B,24,8,1432
B,24,9,1431
B,24,10,1430
B,24,11,1429
B,24,12,1428
B,24,13,1427
B,24,14,1426
B,24,15,1425
B,24,16,1424
B,24,17,1423
B,24,18,1422
B,24,19,1421
B,24,20,1420
B,24,21,1419
B,24,22,1418
B,24,23,1417
B,24,24,1416
B,24,25,1415
B,24,26,1414
B,24,27,1413
B,24,28,1412
B,24,29,1411
B,24,30,1410
B,24,31,1409
B,24,32,1408
B,24,33,1407
B,24,34,1406
B,24,35,1405
B,24,36,1404
B,24,37,1403
B,24,38,1402
B,24,39,1401
B,25,0,1400
B,25,1,1399
B,25,2,1398
B,25,3,1397
B,25,4,1396
B,25,5,1395
B,25,6,1394
B,25,7,1393
B,25,8,1392
B,25,9,1391
B,25,10,1390
B,25,11,1389
B,25,12,1388
B,25,13,1387
B,25,14,1386
B,25,15,1385
B,25,16,1384
B,25,17,1383
B,25,18,1382
B,25,19,1381
B,25,20,1380
B,25,21,1379
B,25,22,1378
B,25,23,1377
B,25,24,1376
B,25,25,1375
B,25,26,1374
B,25,27,1373
B,25,28,1372
B,25,29,1371
B,25,30,1370
B,25,31,1369
B,25,32,1368
B,25,33,1367
B,25,34,1366
B,25,35,1365
B,25,36,1364
B,25,37,1363
B,25,38,1362
B,25,39,1361
B,26,0,1360
B,26,1,1359
B,26,2,1358
B,26,3,1357
B,26,4,1356
B,26,5,1355
B,26,6,1354
B,26,7,1353
B,26,8,1352
B,26,9,1351
B,26,10,1350
B,26,11,1349
B,26,12,1348
B,26,13,1347
B,26,14,1346
B,26,15,1345
B,26,16,1344
B,26,17,1343
B,26,18,1342
B,26,19,1341
B,26,20,1340
B,26,21,1339
B,26,22,1338
B,26,23,1337
B,26,24,1336
B,26,25,1335
B,26,26,1334
B,26,27,1333
B,26,28,1332
B,26,29,1331
B,26,30,1330
B,26,31,1329
B,26,32,1328
B,26,33,1327
B,26,34,1326
B,26,35,1325
B,26,36,1324
B,26,37,1323
B,26,38,1322
B,26,39,1321
B,27,0,1320
B,27,1,1319
B,27,2,1318
B,27,3,1317
B,27,4,1316
B,27,5,1315
B,27,6,1314
B,27,7,1313
B,27,8,1312
B,27,9,1311
B,27,10,1310
B,27,11,1309
B,27,12,1308
B,27,13,1307
B,27,14,1306
B,27,15,1305
B,27,16,1304
B,27,17,1303
B,27,18,1302
B,27,19,1301
B,27,20,1300
B,27,21,1299
B,27,22,1298
B,27,23,1297
B,27,24,1296
B,27,25,1295
B,27,26,1294
B,27,27,1293
B,27,28,1292
B,27,29,1291
B,27,30,1290
B,27,31,1289
B,27,32,1288
B,27,33,1287
B,27,34,1286
B,27,35,1285
B,27,36,1284
B,27,37,1283
B,27,38,1282
B,27,39,1281
B,28,0,1280
B,28,1,1279
B,28,2,1278
B,28,3,1277
B,28,4,1276
B,28,5,1275
B,28,6,1274
B,28,7,1273
B,28,8,1272
B,28,9,1271
B,28,10,1270
B,28,11,1269
B,28,12,1268
B,28,13,1267
B,28,14,1266
B,28,15,1265
B,28,16,1264
B,28,17,1263
B,28,18,1262
B,28,19,1261
B,28,20,1260
B,28,21,1259
B,28,22,1258
B,28,23,1257
B,28,24,1256
B,28,25,1255
B,28,26,1254
B,28,27,1253
B,28,28,1252
B,28,29,1251
B,28,30,1250
B,28,31,1249
B,28,32,1248
B,28,33,1247
B,28,34,1246
B,28,35,1245
B,28,36,1244
B,28,37,1243
B,28,38,1242
B,28,39,1241
B,29,0,1240
B,29,1,1239
B,29,2,1238
B,29,3,1237
B,29,4,1236
B,29,5,1235
B,29,6,1234
B,29,7,1233
B,29,8,1232
B,29,9,1231
B,29,10,1230
B,29,11,1229
B,29,12,1228
B,29,13,1227
B,29,14,1226
B,29,15,1225
B,29,16,1224
B,29,17,1223
B,29,18,1222
B,29,19,1221
B,29,20,1220
B,29,21,1219
B,29,22,1218
B,29,23,1217
B,29,24,1216
B,29,25,1215
B,29,26,1214
B,29,27,1213
B,29,28,1212
B,29,29,1211
B,29,30,1210
B,29,31,1209
B,29,32,1208
B,29,33,1207
B,29,34,1206
B,29,35,1205
B,29,36,1204
B,29,37,1203
B,29,38,1202
B,29,39,1201
B,30,0,1200
B,30,1,1199
B,30,2,1198
B,30,3,1197
B,30,4,1196
B,30,5,1195
B,30,6,1194
B,30,7,1193
B,30,8,1192
B,30,9,1191
B,30,10,1190
B,30,11,1189
B,30,12,1188
B,30,13,1187
B,30,14,1186
B,30,15,1185
B,30,16,1184
B,30,17,1183
B,30,18,1182
B,30,19,1181
B,30,20,1180
B,30,21,1179
B,30,22,1178
B,30,23,1177
B,30,24,1176
B,30,25,1175
B,30,26,1174
B,30,27,1173
B,30,28,1172
B,30,29,1171
B,30,30,1170
B,30,31,1169
B,30,32,1168
B,30,33,1167
B,30,34,1166
B,30,35,1165
B,30,36,1164
B,30,37,1163
B,30,38,1162
B,30,39,1161
B,31,0,1160
B,31,1,1159
B,31,2,1158
B,31,3,1157
B,31,4,1156
B,31,5,1155
B,31,6,1154
B,31,7,1153
B,31,8,1152
B,31,9,1151
B,31,10,1150
B,31,11,1149
B,31,12,1148
B,31,13,1147
B,31,14,1146
B,31,15,1145
B,31,16,1144
B,31,17,1143
B,31,18,1142
B,31,19,1141
B,31,20,1140
B,31,21,1139
B,31,22,1138
B,31,23,1137
B,31,24,1136
B,31,25,1135
B,31,26,1134
B,31,27,1133
B,31,28,1132
B,31,29,1131
B,31,30,1130
B,31,31,1129
B,31,32,1128
B,31,33,1127
B,31,34,1126
B,31,35,1125
B,31,36,1124
B,31,37,1123
B,31,38,1122
B,31,39,1121
B,32,0,1120
B,32,1,1119
B,32,2,1118
B,32,3,1117
B,32,4,1116
B,32,5,1115
B,32,6,1114
B,32,7,1113
B,32,8,1112
B,32,9,1111
B,32,10,1110
B,32,11,1109
B,32,12,1108
B,32,13,1107
B,32,14,1106
B,32,15,1105
B,32,16,1104
B,32,17,1103
B,32,18,1102
B,32,19,1101
B,32,20,1100
B,32,21,1099
B,32,22,1098
B,32,23,1097
B,32,24,1096
B,32,25,1095
B,32,26,1094
B,32,27,1093
B,32,28,1092
B,32,29,1091
B,32,30,1090
B,32,31,1089
B,32,32,1088
B,32,33,1087
B,32,34,1086
B,32,35,1085
B,32,36,1084
B,32,37,1083
B,32,38,1082
B,32,39,1081
B,33,0,1080
B,33,1,1079
B,33,2,1078
B,33,3,1077
B,33,4,1076
B,33,5,1075
B,33,6,1074
B,33,7,1073
B,33,8,1072
B,33,9,1071
B,33,10,1070
B,33,11,1069
B,33,12,1068
B,33,13,1067
B,33,14,1066
B,33,15,1065
B,33,16,1064
B,33,17,1063
B,33,18,1062
B,33,19,1061
B,33,20,1060
B,33,21,1059
B,33,22,1058
B,33,23,1057
B,33,24,1056
B,33,25,1055
B,33,26,1054
B,33,27,1053
B,33,28,1052
B,33,29,1051
B,33,30,1050
B,33,31,1049
B,33,32,1048
B,33,33,1047
B,33,34,1046
B,33,35,1045
B,33,36,1044
B,33,37,1043
B,33,38,1042
B,33,39,1041
B,34,0,1040
B,34,1,1039
B,34,2,1038
B,34,3,1037
B,34,4,1036
B,34,5,1035
B,34,6,1034
B,34,7,1033
B,34,8,1032
B,34,9,1031
B,34,10,1030
B,34,11,1029
B,34,12,1028
B,34,13,1027
B,34,14,1026
B,34,15,1025
B,34,16,1024
B,34,17,1023
B,34,18,1022
B,34,19,1021
B,34,20,1020
B,34,21,1019
B,34,22,1018
B,34,23,1017
B,34,24,1016
B,34,25,1015
B,34,26,1014
B,34,27,1013
B,34,28,1012
B,34,29,1011
B,34,30,1010
B,34,31,1009
B,34,32,1008
B,34,33,1007
B,34,34,1006
B,34,35,1005
B,34,36,1004
B,34,37,1003
B,34,38,1002
B,34,39,1001
B,35,0,1000
B,35,1,999
B,35,2,998
B,35,3,997
B,35,4,996
B,35,5,995
B,35,6,994
B,35,7,993
B,35,8,992
B,35,9,991
B,35,10,990
B,35,11,989
B,35,12,988
B,35,13,987
B,35,14,986
B,35,15,985
B,35,16,984
B,35,17,983
B,35,18,982
B,35,19,981
B,35,20,980
B,35,21,979
B,35,22,978
B,35,23,977
B,35,24,976
B,35,25,975
B,35,26,974
B,35,27,973
B,35,28,972
B,35,29,971
B,35,30,970
B,35,31,969
B,35,32,968
B,35,33,967
B,35,34,966
B,35,35,965
B,35,36,964
B,35,37,963
B,35,38,962
B,35,39,961
B,36,0,960
B,36,1,959
B,36,2,958
B,36,3,957
B,36,4,956
B,36,5,955
B,36,6,954
B,36,7,953
B,36,8,952
B,36,9,951
B,36,10,950
B,36,11,949
B,36,12,948
B,36,13,947
B,36,14,946
B,36,15,945
B,36,16,944
B,36,17,943
B,36,18,942
B,36,19,941
B,36,20,940
B,36,21,939
B,36,22,938
B,36,23,937
B,36,24,936
B,36,25,935
B,36,26,934
B,36,27,933
B,36,28,932
B,36,29,931
B,36,30,930
B,36,31,929
B,36,32,928
B,36,33,927
B,36,34,926
B,36,35,925
B,36,36,924
B,36,37,923
B,36,38,922
B,36,39,921
B,37,0,920
B,37,1,919
B,37,2,918
B,37,3,917
B,37,4,916
B,37,5,915
B,37,6,914
B,37,7,913
B,37,8,912
B,37,9,911
B,37,10,910
B,37,11,909
B,37,12,908
B,37,13,907
B,37,14,906
B,37,15,905
B,37,16,904
B,37,17,903
B,37,18,902
B,37,19,901
B,37,20,900
B,37,21,899
B,37,22,898
B,37,23,897
B,37,24,896
B,37,25,895
B,37,26,894
B,37,27,893
B,37,28,892
B,37,29,891
B,37,30,890
B,37,31,889
B,37,32,888
B,37,33,887
B,37,34,886
B,37,35,885
B,37,36,884
B,37,37,883
B,37,38,882
B,37,39,881
B,38,0,880
B,38,1,879
B,38,2,878
B,38,3,877
B,38,4,876
B,38,5,875
B,38,6,874
B,38,7,873
B,38,8,872
B,38,9,871
B,38,10,870
B,38,11,869
B,38,12,868
B,38,13,867
B,38,14,866
B,38,15,865
B,38,16,864
B,38,17,863
B,38,18,862
B,38,19,861
B,38,20,860
B,38,21,859
B,38,22,858
B,38,23,857
B,38,24,856
B,38,25,855
B,38,26,854
B,38,27,853
B,38,28,852
B,38,29,851
B,38,30,850
B,38,31,849
B,38,32,848
B,38,33,847
B,38,34,846
B,38,35,845
B,38,36,844
B,38,37,843
B,38,38,842
B,38,39,841
B,39,0,840
B,39,1,839
B,39,2,838
B,39,3,837
B,39,4,836
B,39,5,835
B,39,6,834
B,39,7,833
B,39,8,832
B,39,9,831
B,39,10,830
B,39,11,829
B,39,12,828
B,39,13,827
B,39,14,826
B,39,15,825
B,39,16,824
B,39,17,823
B,39,18,822
B,39,19,821
B,39,20,820
B,39,21,819
B,39,22,818
B,39,23,817
B,39,24,816
B,39,25,815
B,39,26,814
B,39,27,813
B,39,28,812
B,39,29,811
B,39,30,810
B,39,31,809
B,39,32,808
B,39,33,807
B,39,34,806
B,39,35,805
B,39,36,804
B,39,37,803
B,39,38,802
B,39,39,801
B,40,0,800
B,40,1,799
B,40,2,798
B,40,3,797
B,40,4,796
B,40,5,795
B,40,6,794
B,40,7,793
B,40,8,792
B,40,9,791
B,40,10,790
B,40,11,789
B,40,12,788
B,40,13,787
B,40,14,786
B,40,15,785
B,40,16,784
B,40,17,783
B,40,18,782
B,40,19,781
B,40,20,780
B,40,21,779
B,40,22,778
B,40,23,777
B,40,24,776
B,40,25,775
B,40,26,774
B,40,27,773
B,40,28,772
B,40,29,771
B,40,30,770
B,40,31,769
B,40,32,768
B,40,33,767
B,40,34,766
B,40,35,765
B,40,36,764
B,40,37,763
B,40,38,762
B,40,39,761
B,41,0,760
B,41,1,759
B,41,2,758
B,41,3,757
B,41,4,756
B,41,5,755
B,41,6,754
B,41,7,753
B,41,8,752
B,41,9,751
B,41,10,750
B,41,11,749
B,41,12,748
B,41,13,747
B,41,14,746
B,41,15,745
B,41,16,744
B,41,17,743
B,41,18,742
B,41,19,741
B,41,20,740
B,41,21,739
B,41,22,738
B,41,23,737
B,41,24,736
B,41,25,735
B,41,26,734
B,41,27,733
B,41,28,732
B,41,29,731
B,41,30,730
B,41,31,729
B,41,32,728
B,41,33,727
B,41,34,726
B,41,35,725
B,41,36,724
B,41,37,723
B,41,38,722
B,41,39,721
B,42,0,720
B,42,1,719
B,42,2,718
B,42,3,717
B,42,4,716
B,42,5,715
B,42,6,714
B,42,7,713
B,42,8,712
B,42,9,711
B,42,10,710
B,42,11,709
B,42,12,708
B,42,13,707
B,42,14,706
B,42,15,705
B,42,16,704
B,42,17,703
B,42,18,702
B,42,19,701
B,42,20,700
B,42,21,699
B,42,22,698
B,42,23,697
B,42,24,696
B,42,25,695
B,42,26,694
B,42,27,693
B,42,28,692
B,42,29,691
B,42,30,690
B,42,31,689
B,42,32,688
B,42,33,687
B,42,34,686
B,42,35,685
B,42,36,684
B,42,37,683
B,42,38,682
B,42,39,681
B,43,0,680
B,43,1,679
B,43,2,678
B,43,3,677
B,43,4,676
B,43,5,675
B,43,6,674
B,43,7,673
B,43,8,672
B,43,9,671
B,43,10,670
B,43,11,669
B,43,12,668
B,43,13,667
B,43,14,666
B,43,15,665
B,43,16,664
B,43,17,663
B,43,18,662
B,43,19,661
B,43,20,660
B,43,21,659
B,43,22,658
B,43,23,657
B,43,24,656
B,43,25,655
B,43,26,654
B,43,27,653
B,43,28,652
B,43,29,651
B,43,30,650
B,43,31,649
B,43,32,648
B,43,33,647
B,43,34,646
B,43,35,645
B,43,36,644
B,43,37,643
B,43,38,642
B,43,39,641
B,44,0,640
B,44,1,639
B,44,2,638
B,44,3,637
B,44,4,636
B,44,5,635
B,44,6,634
B,44,7,633
B,44,8,632
B,44,9,631
B,44,10,630
B,44,11,629
B,44,12,628
B,44,13,627
B,44,14,626
B,44,15,625
B,44,16,624
B,44,17,623
B,44,18,622
B,44,19,621
B,44,20,620
B,44,21,619
B,44,22,618
B,44,23,617
B,44,24,616
B,44,25,615
B,44,26,614
B,44,27,613
B,44,28,612
B,44,29,611
B,44,30,610
B,44,31,609
B,44,32,608
B,44,33,607
B,44,34,606
B,44,35,605
B,44,36,604
B,44,37,603
B,44,38,602
B,44,39,601
B,45,0,600
B,45,1,599
B,45,2,598
B,45,3,597
B,45,4,596
B,45,5,595
B,45,6,594
B,45,7,593
B,45,8,592
B,45,9,591
B,45,10,590
B,45,11,589
B,45,12,588
B,45,13,587
B,45,14,586
B,45,15,585
B,45,16,584
B,45,17,583
B,45,18,582
B,45,19,581
B,45,20,580
B,45,21,579
B,45,22,578
B,45,23,577
B,45,24,576
B,45,25,575
B,45,26,574
B,45,27,573
B,45,28,572
B,45,29,571
B,45,30,570
B,45,31,569
B,45,32,568
B,45,33,567
B,45,34,566
B,45,35,565
B,45,36,564
B,45,37,563
B,45,38,562
B,45,39,561
B,46,0,560
B,46,1,559
B,46,2,558
B,46,3,557
B,46,4,556
B,46,5,555
B,46,6,554
B,46,7,553
B,46,8,552
B,46,9,551
B,46,10,550
B,46,11,549
B,46,12,548
B,46,13,547
B,46,14,546
B,46,15,545
B,46,16,544
B,46,17,543
B,46,18,542
B,46,19,541
B,46,20,540
B,46,21,539
B,46,22,538
B,46,23,537
B,46,24,536
B,46,25,535
B,46,26,534
B,46,27,533
B,46,28,532
B,46,29,531
B,46,30,530
B,46,31,529
B,46,32,528
B,46,33,527
B,46,34,526
B,46,35,525
B,46,36,524
B,46,37,523
B,46,38,522
B,46,39,521
B,47,0,520
B,47,1,519
B,47,2,518
B,47,3,517
B,47,4,516
B,47,5,515
B,47,6,514
B,47,7,513
B,47,8,512
B,47,9,511
B,47,10,510
B,47,11,509
B,47,12,508
B,47,13,507
B,47,14,506
B,47,15,505
B,47,16,504
B,47,17,503
B,47,18,502
B,47,19,501
B,47,20,500
B,47,21,499
B,47,22,498
B,47,23,497
B,47,24,496
B,47,25,495
B,47,26,494
B,47,27,493
B,47,28,492
B,47,29,491
B,47,30,490
B,47,31,489
B,47,32,488
B,47,33,487
B,47,34,486
B,47,35,485
B,47,36,484
B,47,37,483
B,47,38,482
B,47,39,481
B,48,0,480
B,48,1,479
B,48,2,478
B,48,3,477
B,48,4,476
B,48,5,475
B,48,6,474
B,48,7,473
B,48,8,472
B,48,9,471
B,48,10,470
B,48,11,469
B,48,12,468
B,48,13,467
B,48,14,466
B,48,15,465
B,48,16,464
B,48,17,463
B,48,18,462
B,48,19,461
B,48,20,460
B,48,21,459
B,48,22,458
B,48,23,457
B,48,24,456
B,48,25,455
B,48,26,454
B,48,27,453
B,48,28,452
B,48,29,451
B,48,30,450
B,48,31,449
B,48,32,448
B,48,33,447
B,48,34,446
B,48,35,445
B,48,36,444
B,48,37,443
B,48,38,442
B,48,39,441
B,49,0,440
B,49,1,439
B,49,2,438
B,49,3,437
B,49,4,436
B,49,5,435
B,49,6,434
B,49,7,433
B,49,8,432
B,49,9,431
B,49,10,430
B,49,11,429
B,49,12,428
B,49,13,427
B,49,14,426
B,49,15,425
B,49,16,424
B,49,17,423
B,49,18,422
B,49,19,421
B,49,20,420
B,49,21,419
B,49,22,418
B,49,23,417
B,49,24,416
B,49,25,415
B,49,26,414
B,49,27,413
B,49,28,412
B,49,29,411
B,49,30,410
B,49,31,409
B,49,32,408
B,49,33,407
B,49,34,406
B,49,35,405
B,49,36,404
B,49,37,403
B,49,38,402
B,49,39,401
B,50,0,400
B,50,1,399
B,50,2,398
B,50,3,397
B,50,4,396
B,50,5,395
B,50,6,394
B,50,7,393
B,50,8,392
B,50,9,391
B,50,10,390
B,50,11,389
B,50,12,388
B,50,13,387
B,50,14,386
B,50,15,385
B,50,16,384
B,50,17,383
B,50,18,382
B,50,19,381
B,50,20,380
B,50,21,379
B,50,22,378
B,50,23,377
B,50,24,376
B,50,25,375
B,50,26,374
B,50,27,373
B,50,28,372
B,50,29,371
B,50,30,370
B,50,31,369
B,50,32,368
B,50,33,367
B,50,34,366
B,50,35,365
B,50,36,364
B,50,37,363
B,50,38,362
B,50,39,361
B,51,0,360
B,51,1,359
B,51,2,358
B,51,3,357
B,51,4,356
B,51,5,355
B,51,6,354
B,51,7,353
B,51,8,352
B,51,9,351
B,51,10,350
B,51,11,349
B,51,12,348
B,51,13,347
B,51,14,346
B,51,15,345
B,51,16,344
B,51,17,343
B,51,18,342
B,51,19,341
B,51,20,340
B,51,21,339
B,51,22,338
B,51,23,337
B,51,24,336
B,51,25,335
B,51,26,334
B,51,27,333
B,51,28,332
B,51,29,331
B,51,30,330
B,51,31,329
B,51,32,328
B,51,33,327
B,51,34,326
B,51,35,325
B,51,36,324
B,51,37,323
B,51,38,322
B,51,39,321
B,52,0,320
B,52,1,319
B,52,2,318
B,52,3,317
B,52,4,316
B,52,5,315
B,52,6,314
B,52,7,313
B,52,8,312
B,52,9,311
B,52,10,310
B,52,11,309
B,52,12,308
B,52,13,307
B,52,14,306
B,52,15,305
B,52,16,304
B,52,17,303
B,52,18,302
B,52,19,301
B,52,20,300
B,52,21,299
B,52,22,298
B,52,23,297
B,52,24,296
B,52,25,295
B,52,26,294
B,52,27,293
B,52,28,292
B,52,29,291
B,52,30,290
B,52,31,289
B,52,32,288
B,52,33,287
B,52,34,286
B,52,35,285
B,52,36,284
B,52,37,283
B,52,38,282
B,52,39,281
B,53,0,280
B,53,1,279
B,53,2,278
B,53,3,277
B,53,4,276
B,53,5,275
B,53,6,274
B,53,7,273
B,53,8,272
B,53,9,271
B,53,10,270
B,53,11,269
B,53,12,268
B,53,13,267
B,53,14,266
B,53,15,265
B,53,16,264
B,53,17,263
B,53,18,262
B,53,19,261
B,53,20,260
B,53,21,259
B,53,22,258
B,53,23,257
B,53,24,256
B,53,25,255
B,53,26,254
B,53,27,253
B,53,28,252
B,53,29,251
B,53,30,250
B,53,31,249
B,53,32,248
B,53,33,247
B,53,34,246
B,53,35,245
B,53,36,244
B,53,37,243
B,53,38,242
B,53,39,241
B,54,0,240
B,54,1,239
B,54,2,238
B,54,3,237
B,54,4,236
B,54,5,235
B,54,6,234
B,54,7,233
B,54,8,232
B,54,9,231
B,54,10,230
B,54,11,229
B,54,12,228
B,54,13,227
B,54,14,226
B,54,15,225
B,54,16,224
B,54,17,223
B,54,18,222
B,54,19,221
B,54,20,220
B,54,21,219
B,54,22,218
B,54,23,217
B,54,24,216
B,54,25,215
B,54,26,214
B,54,27,213
B,54,28,212
B,54,29,211
B,54,30,210
B,54,31,209
B,54,32,208
B,54,33,207
B,54,34,206
B,54,35,205
B,54,36,204
B,54,37,203
B,54,38,202
B,54,39,201
B,55,0,200
B,55,1,199
B,55,2,198
B,55,3,197
B,55,4,196
B,55,5,195
B,55,6,194
B,55,7,193
B,55,8,192
B,55,9,191
B,55,10,190
B,55,11,189
B,55,12,188
B,55,13,187
B,55,14,186
B,55,15,185
B,55,16,184
B,55,17,183
B,55,18,182
B,55,19,181
B,55,20,180
B,55,21,179
B,55,22,178
B,55,23,177
B,55,24,176
B,55,25,175
B,55,26,174
B,55,27,173
B,55,28,172
B,55,29,171
B,55,30,170
B,55,31,169
B,55,32,168
B,55,33,167
B,55,34,166
B,55,35,165
B,55,36,164
B,55,37,163
B,55,38,162
B,55,39,161
B,56,0,160
B,56,1,159
B,56,2,158
B,56,3,157
B,56,4,156
B,56,5,155
B,56,6,154
B,56,7,153
B,56,8,152
B,56,9,151
B,56,10,150
B,56,11,149
B,56,12,148
B,56,13,147
B,56,14,146
B,56,15,145
B,56,16,144
B,56,17,143
B,56,18,142
B,56,19,141
B,56,20,140
B,56,21,139
B,56,22,138
B,56,23,137
B,56,24,136
B,56,25,135
B,56,26,134
B,56,27,133
B,56,28,132
B,56,29,131
B,56,30,130
B,56,31,129
B,56,32,128
B,56,33,127
B,56,34,126
B,56,35,125
B,56,36,124
B,56,37,123
B,56,38,122
B,56,39,121
B,57,0,120
B,57,1,119
B,57,2,118
B,57,3,117
B,57,4,116
B,57,5,115
B,57,6,114
B,57,7,113
B,57,8,112
B,57,9,111
B,57,10,110
B,57,11,109
B,57,12,108
B,57,13,107
B,57,14,106
B,57,15,105
B,57,16,104
B,57,17,103
B,57,18,102
B,57,19,101
B,57,20,100
B,57,21,99
B,57,22,98
B,57,23,97
B,57,24,96
B,57,25,95
B,57,26,94
B,57,27,93
B,57,28,92
B,57,29,91
B,57,30,90
B,57,31,89
B,57,32,88
B,57,33,87
B,57,34,86
B,57,35,85
B,57,36,84
B,57,37,83
B,57,38,82
B,57,39,81
B,58,0,80
B,58,1,79
B,58,2,78
B,58,3,77
B,58,4,76
B,58,5,75
B,58,6,74
B,58,7,73
B,58,8,72
B,58,9,71
B,58,10,70
B,58,11,69
B,58,12,68
B,58,13,67
B,58,14,66
B,58,15,65
B,58,16,64
B,58,17,63
B,58,18,62
B,58,19,61
B,58,20,60
B,58,21,59
B,58,22,58
B,58,23,57
B,58,24,56
B,58,25,55
B,58,26,54
B,58,27,53
B,58,28,52
B,58,29,51
B,58,30,50
B,58,31,49
B,58,32,48
B,58,33,47
B,58,34,46
B,58,35,45
B,58,36,44
B,58,37,43
B,58,38,42
B,58,39,41
B,59,0,40
B,59,1,39
B,59,2,38
B,59,3,37
B,59,4,36
B,59,5,35
B,59,6,34
B,59,7,33
B,59,8,32
B,59,9,31
B,59,10,30
B,59,11,29
B,59,12,28
B,59,13,27
B,59,14,26
B,59,15,25
B,59,16,24
B,59,17,23
B,59,18,22
B,59,19,21
B,59,20,20
B,59,21,19
B,59,22,18
B,59,23,17
B,59,24,16
B,59,25,15
B,59,26,14
B,59,27,13
B,59,28,12
B,59,29,11
B,59,30,10
B,59,31,9
B,59,32,8
B,59,33,7
B,59,34,6
B,59,35,5
B,59,36,4
B,59,37,3
B,59,38,2
B,59,39,1
