A,0,0,1
A,0,1,2
A,0,2,3
A,0,3,4
A,0,4,5
A,0,5,6
A,0,6,7
A,0,7,8
A,0,8,9
A,0,9,10
A,0,10,11
A,0,11,12
A,0,12,13
A,0,13,14
A,0,14,15
A,0,15,16
A,0,16,17
A,0,17,18
A,0,18,19
A,0,19,20
A,0,20,21
A,0,21,22
A,0,22,23
A,0,23,24
A,0,24,25
A,0,25,26
A,0,26,27
A,0,27,28
A,0,28,29
A,0,29,30
A,0,30,31
A,0,31,32
A,0,32,33
A,0,33,34
A,0,34,35
A,0,35,36
A,0,36,37
A,0,37,38
A,0,38,39
A,0,39,40
A,0,40,41
A,0,41,42
A,0,42,43
A,0,43,44
A,0,44,45
A,0,45,46
A,0,46,47
A,0,47,48
A,0,48,49
A,0,49,50
A,0,50,51
A,0,51,52
A,0,52,53
A,0,53,54
A,0,54,55
A,0,55,56
A,0,56,57
A,0,57,58
A,0,58,59
A,0,59,60
A,0,60,61
A,0,61,62
A,0,62,63
A,0,63,64
A,0,64,65
A,0,65,66
A,0,66,67
A,0,67,68
A,0,68,69
A,0,69,70
A,0,70,71
A,0,71,72
A,0,72,73
A,0,73,74
A,0,74,75
A,0,75,76
A,0,76,77
A,0,77,78
A,0,78,79
A,0,79,80
A,1,0,81
A,1,1,82
A,1,2,83
A,1,3,84
A,1,4,85
A,1,5,86
A,1,6,87
A,1,7,88
A,1,8,89
A,1,9,90
A,1,10,91
A,1,11,92
A,1,12,93
A,1,13,94
A,1,14,95
A,1,15,96
A,1,16,97
A,1,17,98
A,1,18,99
A,1,19,100
A,1,20,101
A,1,21,102
A,1,22,103
A,1,23,104
A,1,24,105
A,1,25,106
A,1,26,107
A,1,27,108
A,1,28,109
A,1,29,110
A,1,30,111
A,1,31,112
A,1,32,113
A,1,33,114
A,1,34,115
A,1,35,116
A,1,36,117
A,1,37,118
A,1,38,119
A,1,39,120
A,1,40,121
A,1,41,122
A,1,42,123
A,1,43,124
A,1,44,125
A,1,45,126
A,1,46,127
A,1,47,128
A,1,48,129
A,1,49,130
A,1,50,131
A,1,51,132
A,1,52,133
A,1,53,134
A,1,54,135
A,1,55,136
A,1,56,137
A,1,57,138
A,1,58,139
A,1,59,140
A,1,60,141
A,1,61,142
A,1,62,143
A,1,63,144
A,1,64,145
A,1,65,146
A,1,66,147
A,1,67,148
A,1,68,149
A,1,69,150
A,1,70,151
A,1,71,152
A,1,72,153
A,1,73,154
A,1,74,155
A,1,75,156
A,1,76,157
A,1,77,158
A,1,78,159
A,1,79,160
A,2,0,161
A,2,1,162
A,2,2,163
A,2,3,164
A,2,4,165
A,2,5,166
A,2,6,167
A,2,7,168
A,2,8,169
A,2,9,170
A,2,10,171
A,2,11,172
A,2,12,173
A,2,13,174
A,2,14,175
A,2,15,176
A,2,16,177
A,2,17,178
A,2,18,179
A,2,19,180
A,2,20,181
A,2,21,182
A,2,22,183
A,2,23,184
A,2,24,185
A,2,25,186
A,2,26,187
A,2,27,188
A,2,28,189
A,2,29,190
A,2,30,191
A,2,31,192
A,2,32,193
A,2,33,194
A,2,34,195
A,2,35,196
A,2,36,197
A,2,37,198
A,2,38,199
A,2,39,200
A,2,40,201
A,2,41,202
A,2,42,203
A,2,43,204
A,2,44,205
A,2,45,206
A,2,46,207
A,2,47,208
A,2,48,209
A,2,49,210
A,2,50,211
A,2,51,212
A,2,52,213
A,2,53,214
A,2,54,215
A,2,55,216
A,2,56,217
A,2,57,218
A,2,58,219
A,2,59,220
A,2,60,221
A,2,61,222
A,2,62,223
A,2,63,224
A,2,64,225
A,2,65,226
A,2,66,227
A,2,67,228
A,2,68,229
A,2,69,230
A,2,70,231
A,2,71,232
A,2,72,233
A,2,73,234
A,2,74,235
A,2,75,236
A,2,76,237
A,2,77,238
A,2,78,239
A,2,79,240
A,3,0,241
A,3,1,242
A,3,2,243
A,3,3,244
A,3,4,245
A,3,5,246
A,3,6,247
A,3,7,248
A,3,8,249
A,3,9,250
A,3,10,251
A,3,11,252
A,3,12,253
A,3,13,254
A,3,14,255
A,3,15,256
A,3,16,257
A,3,17,258
A,3,18,259
A,3,19,260
A,3,20,261
A,3,21,262
A,3,22,263
A,3,23,264
A,3,24,265
A,3,25,266
A,3,26,267
A,3,27,268
A,3,28,269
A,3,29,270
A,3,30,271
A,3,31,272
A,3,32,273
A,3,33,274
A,3,34,275
A,3,35,276
A,3,36,277
A,3,37,278
A,3,38,279
A,3,39,280
A,3,40,281
A,3,41,282
A,3,42,283
A,3,43,284
A,3,44,285
A,3,45,286
A,3,46,287
A,3,47,288
A,3,48,289
A,3,49,290
A,3,50,291
A,3,51,292
A,3,52,293
A,3,53,294
A,3,54,295
A,3,55,296
A,3,56,297
A,3,57,298
A,3,58,299
A,3,59,300
A,3,60,301
A,3,61,302
A,3,62,303
A,3,63,304
A,3,64,305
A,3,65,306
A,3,66,307
A,3,67,308
A,3,68,309
A,3,69,310
A,3,70,311
A,3,71,312
A,3,72,313
A,3,73,314
A,3,74,315
A,3,75,316
A,3,76,317
A,3,77,318
A,3,78,319
A,3,79,320
A,4,0,321
A,4,1,322
A,4,2,323
A,4,3,324
A,4,4,325
A,4,5,326
A,4,6,327
A,4,7,328
A,4,8,329
A,4,9,330
A,4,10,331
A,4,11,332
A,4,12,333
A,4,13,334
A,4,14,335
A,4,15,336
A,4,16,337
A,4,17,338
A,4,18,339
A,4,19,340
A,4,20,341
A,4,21,342
A,4,22,343
A,4,23,344
A,4,24,345
A,4,25,346
A,4,26,347
A,4,27,348
A,4,28,349
A,4,29,350
A,4,30,351
A,4,31,352
A,4,32,353
A,4,33,354
A,4,34,355
A,4,35,356
A,4,36,357
A,4,37,358
A,4,38,359
A,4,39,360
A,4,40,361
A,4,41,362
A,4,42,363
A,4,43,364
A,4,44,365
A,4,45,366
A,4,46,367
A,4,47,368
A,4,48,369
A,4,49,370
A,4,50,371
A,4,51,372
A,4,52,373
A,4,53,374
A,4,54,375
A,4,55,376
A,4,56,377
A,4,57,378
A,4,58,379
A,4,59,380
A,4,60,381
A,4,61,382
A,4,62,383
A,4,63,384
A,4,64,385
A,4,65,386
A,4,66,387
A,4,67,388
A,4,68,389
A,4,69,390
A,4,70,391
A,4,71,392
A,4,72,393
A,4,73,394
A,4,74,395
A,4,75,396
A,4,76,397
A,4,77,398
A,4,78,399
A,4,79,400
A,5,0,401
A,5,1,402
A,5,2,403
A,5,3,404
A,5,4,405
A,5,5,406
A,5,6,407
A,5,7,408
A,5,8,409
A,5,9,410
A,5,10,411
A,5,11,412
A,5,12,413
A,5,13,414
A,5,14,415
A,5,15,416
A,5,16,417
A,5,17,418
A,5,18,419
A,5,19,420
A,5,20,421
A,5,21,422
A,5,22,423
A,5,23,424
A,5,24,425
A,5,25,426
A,5,26,427
A,5,27,428
A,5,28,429
A,5,29,430
A,5,30,431
A,5,31,432
A,5,32,433
A,5,33,434
A,5,34,435
A,5,35,436
A,5,36,437
A,5,37,438
A,5,38,439
A,5,39,440
A,5,40,441
A,5,41,442
A,5,42,443
A,5,43,444
A,5,44,445
A,5,45,446
A,5,46,447
A,5,47,448
A,5,48,449
A,5,49,450
A,5,50,451
A,5,51,452
A,5,52,453
A,5,53,454
A,5,54,455
A,5,55,456
A,5,56,457
A,5,57,458
A,5,58,459
A,5,59,460
A,5,60,461
A,5,61,462
A,5,62,463
A,5,63,464
A,5,64,465
A,5,65,466
A,5,66,467
A,5,67,468
A,5,68,469
A,5,69,470
A,5,70,471
A,5,71,472
A,5,72,473
A,5,73,474
A,5,74,475
A,5,75,476
A,5,76,477
A,5,77,478
A,5,78,479
A,5,79,480
A,6,0,481
A,6,1,482
A,6,2,483
A,6,3,484
A,6,4,485
A,6,5,486
A,6,6,487
A,6,7,488
A,6,8,489
A,6,9,490
A,6,10,491
A,6,11,492
A,6,12,493
A,6,13,494
A,6,14,495
A,6,15,496
A,6,16,497
A,6,17,498
A,6,18,499
A,6,19,500
A,6,20,501
A,6,21,502
A,6,22,503
A,6,23,504
A,6,24,505
A,6,25,506
A,6,26,507
A,6,27,508
A,6,28,509
A,6,29,510
A,6,30,511
A,6,31,512
A,6,32,513
A,6,33,514
A,6,34,515
A,6,35,516
A,6,36,517
A,6,37,518
A,6,38,519
A,6,39,520
A,6,40,521
A,6,41,522
A,6,42,523
A,6,43,524
A,6,44,525
A,6,45,526
A,6,46,527
A,6,47,528
A,6,48,529
A,6,49,530
A,6,50,531
A,6,51,532
A,6,52,533
A,6,53,534
A,6,54,535
A,6,55,536
A,6,56,537
A,6,57,538
A,6,58,539
A,6,59,540
A,6,60,541
A,6,61,542
A,6,62,543
A,6,63,544
A,6,64,545
A,6,65,546
A,6,66,547
A,6,67,548
A,6,68,549
A,6,69,550
A,6,70,551
A,6,71,552
A,6,72,553
A,6,73,554
A,6,74,555
A,6,75,556
A,6,76,557
A,6,77,558
A,6,78,559
A,6,79,560
A,7,0,561
A,7,1,562
A,7,2,563
A,7,3,564
A,7,4,565
A,7,5,566
A,7,6,567
A,7,7,568
A,7,8,569
A,7,9,570
A,7,10,571
A,7,11,572
A,7,12,573
A,7,13,574
A,7,14,575
A,7,15,576
A,7,16,577
A,7,17,578
A,7,18,579
A,7,19,580
A,7,20,581
A,7,21,582
A,7,22,583
A,7,23,584
A,7,24,585
A,7,25,586
A,7,26,587
A,7,27,588
A,7,28,589
A,7,29,590
A,7,30,591
A,7,31,592
A,7,32,593
A,7,33,594
A,7,34,595
A,7,35,596
A,7,36,597
A,7,37,598
A,7,38,599
A,7,39,600
A,7,40,601
A,7,41,602
A,7,42,603
A,7,43,604
A,7,44,605
A,7,45,606
A,7,46,607
A,7,47,608
A,7,48,609
A,7,49,610
A,7,50,611
A,7,51,612
A,7,52,613
A,7,53,614
A,7,54,615
A,7,55,616
A,7,56,617
A,7,57,618
A,7,58,619
A,7,59,620
A,7,60,621
A,7,61,622
A,7,62,623
A,7,63,624
A,7,64,625
A,7,65,626
A,7,66,627
A,7,67,628
A,7,68,629
A,7,69,630
A,7,70,631
A,7,71,632
A,7,72,633
A,7,73,634
A,7,74,635
A,7,75,636
A,7,76,637
A,7,77,638
A,7,78,639
A,7,79,640
A,8,0,641
A,8,1,642
A,8,2,643
A,8,3,644
A,8,4,645
A,8,5,646
A,8,6,647
A,8,7,648
A,8,8,649
A,8,9,650
A,8,10,651
A,8,11,652
A,8,12,653
A,8,13,654
A,8,14,655
A,8,15,656
A,8,16,657
A,8,17,658
A,8,18,659
A,8,19,660
A,8,20,661
A,8,21,662
A,8,22,663
A,8,23,664
A,8,24,665
A,8,25,666
A,8,26,667
A,8,27,668
A,8,28,669
A,8,29,670
A,8,30,671
A,8,31,672
A,8,32,673
A,8,33,674
A,8,34,675
A,8,35,676
A,8,36,677
A,8,37,678
A,8,38,679
A,8,39,680
A,8,40,681
A,8,41,682
A,8,42,683
A,8,43,684
A,8,44,685
A,8,45,686
A,8,46,687
A,8,47,688
A,8,48,689
A,8,49,690
A,8,50,691
A,8,51,692
A,8,52,693
A,8,53,694
A,8,54,695
A,8,55,696
A,8,56,697
A,8,57,698
A,8,58,699
A,8,59,700
A,8,60,701
A,8,61,702
A,8,62,703
A,8,63,704
A,8,64,705
A,8,65,706
A,8,66,707
A,8,67,708
A,8,68,709
A,8,69,710
A,8,70,711
A,8,71,712
A,8,72,713
A,8,73,714
A,8,74,715
A,8,75,716
A,8,76,717
A,8,77,718
A,8,78,719
A,8,79,720
A,9,0,721
A,9,1,722
A,9,2,723
A,9,3,724
A,9,4,725
A,9,5,726
A,9,6,727
A,9,7,728
A,9,8,729
A,9,9,730
A,9,10,731
A,9,11,732
A,9,12,733
A,9,13,734
A,9,14,735
A,9,15,736
A,9,16,737
A,9,17,738
A,9,18,739
A,9,19,740
A,9,20,741
A,9,21,742
A,9,22,743
A,9,23,744
A,9,24,745
A,9,25,746
A,9,26,747
A,9,27,748
A,9,28,749
A,9,29,750
A,9,30,751
A,9,31,752
A,9,32,753
A,9,33,754
A,9,34,755
A,9,35,756
A,9,36,757
A,9,37,758
A,9,38,759
A,9,39,760
A,9,40,761
A,9,41,762
A,9,42,763
A,9,43,764
A,9,44,765
A,9,45,766
A,9,46,767
A,9,47,768
A,9,48,769
A,9,49,770
A,9,50,771
A,9,51,772
A,9,52,773
A,9,53,774
A,9,54,775
A,9,55,776
A,9,56,777
A,9,57,778
A,9,58,779
A,9,59,780
A,9,60,781
A,9,61,782
A,9,62,783
A,9,63,784
A,9,64,785
A,9,65,786
A,9,66,787
A,9,67,788
A,9,68,789
A,9,69,790
A,9,70,791
A,9,71,792
A,9,72,793
A,9,73,794
A,9,74,795
A,9,75,796
A,9,76,797
A,9,77,798
A,9,78,799
A,9,79,800
A,10,0,801
A,10,1,802
A,10,2,803
A,10,3,804
A,10,4,805
A,10,5,806
A,10,6,807
A,10,7,808
A,10,8,809
A,10,9,810
A,10,10,811
A,10,11,812
A,10,12,813
A,10,13,814
A,10,14,815
A,10,15,816
A,10,16,817
A,10,17,818
A,10,18,819
A,10,19,820
A,10,20,821
A,10,21,822
A,10,22,823
A,10,23,824
A,10,24,825
A,10,25,826
A,10,26,827
A,10,27,828
A,10,28,829
A,10,29,830
A,10,30,831
A,10,31,832
A,10,32,833
A,10,33,834
A,10,34,835
A,10,35,836
A,10,36,837
A,10,37,838
A,10,38,839
A,10,39,840
A,10,40,841
A,10,41,842
A,10,42,843
A,10,43,844
A,10,44,845
A,10,45,846
A,10,46,847
A,10,47,848
A,10,48,849
A,10,49,850
A,10,50,851
A,10,51,852
A,10,52,853
A,10,53,854
A,10,54,855
A,10,55,856
A,10,56,857
A,10,57,858
A,10,58,859
A,10,59,860
A,10,60,861
A,10,61,862
A,10,62,863
A,10,63,864
A,10,64,865
A,10,65,866
A,10,66,867
A,10,67,868
A,10,68,869
A,10,69,870
A,10,70,871
A,10,71,872
A,10,72,873
A,10,73,874
A,10,74,875
A,10,75,876
A,10,76,877
A,10,77,878
A,10,78,879
A,10,79,880
A,11,0,881
A,11,1,882
A,11,2,883
A,11,3,884
A,11,4,885
A,11,5,886
A,11,6,887
A,11,7,888
A,11,8,889
A,11,9,890
A,11,10,891
A,11,11,892
A,11,12,893
A,11,13,894
A,11,14,895
A,11,15,896
A,11,16,897
A,11,17,898
A,11,18,899
A,11,19,900
A,11,20,901
A,11,21,902
A,11,22,903
A,11,23,904
A,11,24,905
A,11,25,906
A,11,26,907
A,11,27,908
A,11,28,909
A,11,29,910
A,11,30,911
A,11,31,912
A,11,32,913
A,11,33,914
A,11,34,915
A,11,35,916
A,11,36,917
A,11,37,918
A,11,38,919
A,11,39,920
A,11,40,921
A,11,41,922
A,11,42,923
A,11,43,924
A,11,44,925
A,11,45,926
A,11,46,927
A,11,47,928
A,11,48,929
A,11,49,930
A,11,50,931
A,11,51,932
A,11,52,933
A,11,53,934
A,11,54,935
A,11,55,936
A,11,56,937
A,11,57,938
A,11,58,939
A,11,59,940
A,11,60,941
A,11,61,942
A,11,62,943
A,11,63,944
A,11,64,945
A,11,65,946
A,11,66,947
A,11,67,948
A,11,68,949
A,11,69,950
A,11,70,951
A,11,71,952
A,11,72,953
A,11,73,954
A,11,74,955
A,11,75,956
A,11,76,957
A,11,77,958
A,11,78,959
A,11,79,960
A,12,0,961
A,12,1,962
A,12,2,963
A,12,3,964
A,12,4,965
A,12,5,966
A,12,6,967
A,12,7,968
A,12,8,969
A,12,9,970
A,12,10,971
A,12,11,972
A,12,12,973
A,12,13,974
A,12,14,975
A,12,15,976
A,12,16,977
A,12,17,978
A,12,18,979
A,12,19,980
A,12,20,981
A,12,21,982
A,12,22,983
A,12,23,984
A,12,24,985
A,12,25,986
A,12,26,987
A,12,27,988
A,12,28,989
A,12,29,990
A,12,30,991
A,12,31,992
A,12,32,993
A,12,33,994
A,12,34,995
A,12,35,996
A,12,36,997
A,12,37,998
A,12,38,999
A,12,39,1000
A,12,40,1001
A,12,41,1002
A,12,42,1003
A,12,43,1004
A,12,44,1005
A,12,45,1006
A,12,46,1007
A,12,47,1008
A,12,48,1009
A,12,49,1010
A,12,50,1011
A,12,51,1012
A,12,52,1013
A,12,53,1014
A,12,54,1015
A,12,55,1016
A,12,56,1017
A,12,57,1018
A,12,58,1019
A,12,59,1020
A,12,60,1021
A,12,61,1022
A,12,62,1023
A,12,63,1024
A,12,64,1025
A,12,65,1026
A,12,66,1027
A,12,67,1028
A,12,68,1029
A,12,69,1030
A,12,70,1031
A,12,71,1032
A,12,72,1033
A,12,73,1034
A,12,74,1035
A,12,75,1036
A,12,76,1037
A,12,77,1038
A,12,78,1039
A,12,79,1040
A,13,0,1041
A,13,1,1042
A,13,2,1043
A,13,3,1044
A,13,4,1045
A,13,5,1046
A,13,6,1047
A,13,7,1048
A,13,8,1049
A,13,9,1050
A,13,10,1051
A,13,11,1052
A,13,12,1053
A,13,13,1054
A,13,14,1055
A,13,15,1056
A,13,16,1057
A,13,17,1058
A,13,18,1059
A,13,19,1060
A,13,20,1061
A,13,21,1062
A,13,22,1063
A,13,23,1064
A,13,24,1065
A,13,25,1066
A,13,26,1067
A,13,27,1068
A,13,28,1069
A,13,29,1070
A,13,30,1071
A,13,31,1072
A,13,32,1073
A,13,33,1074
A,13,34,1075
A,13,35,1076
A,13,36,1077
A,13,37,1078
A,13,38,1079
A,13,39,1080
A,13,40,1081
A,13,41,1082
A,13,42,1083
A,13,43,1084
A,13,44,1085
A,13,45,1086
A,13,46,1087
A,13,47,1088
A,13,48,1089
A,13,49,1090
A,13,50,1091
A,13,51,1092
A,13,52,1093
A,13,53,1094
A,13,54,1095
A,13,55,1096
A,13,56,1097
A,13,57,1098
A,13,58,1099
A,13,59,1100
A,13,60,1101
A,13,61,1102
A,13,62,1103
A,13,63,1104
A,13,64,1105
A,13,65,1106
A,13,66,1107
A,13,67,1108
A,13,68,1109
A,13,69,1110
A,13,70,1111
A,13,71,1112
A,13,72,1113
A,13,73,1114
A,13,74,1115
A,13,75,1116
A,13,76,1117
A,13,77,1118
A,13,78,1119
A,13,79,1120
A,14,0,1121
A,14,1,1122
A,14,2,1123
A,14,3,1124
A,14,4,1125
A,14,5,1126
A,14,6,1127
A,14,7,1128
A,14,8,1129
A,14,9,1130
A,14,10,1131
A,14,11,1132
A,14,12,1133
A,14,13,1134
A,14,14,1135
A,14,15,1136
A,14,16,1137
A,14,17,1138
A,14,18,1139
A,14,19,1140
A,14,20,1141
A,14,21,1142
A,14,22,1143
A,14,23,1144
A,14,24,1145
A,14,25,1146
A,14,26,1147
A,14,27,1148
A,14,28,1149
A,14,29,1150
A,14,30,1151
A,14,31,1152
A,14,32,1153
A,14,33,1154
A,14,34,1155
A,14,35,1156
A,14,36,1157
A,14,37,1158
A,14,38,1159
A,14,39,1160
A,14,40,1161
A,14,41,1162
A,14,42,1163
A,14,43,1164
A,14,44,1165
A,14,45,1166
A,14,46,1167
A,14,47,1168
A,14,48,1169
A,14,49,1170
A,14,50,1171
A,14,51,1172
A,14,52,1173
A,14,53,1174
A,14,54,1175
A,14,55,1176
A,14,56,1177
A,14,57,1178
A,14,58,1179
A,14,59,1180
A,14,60,1181
A,14,61,1182
A,14,62,1183
A,14,63,1184
A,14,64,1185
A,14,65,1186
A,14,66,1187
A,14,67,1188
A,14,68,1189
A,14,69,1190
A,14,70,1191
A,14,71,1192
A,14,72,1193
A,14,73,1194
A,14,74,1195
A,14,75,1196
A,14,76,1197
A,14,77,1198
A,14,78,1199
A,14,79,1200
A,15,0,1201
A,15,1,1202
A,15,2,1203
A,15,3,1204
A,15,4,1205
A,15,5,1206
A,15,6,1207
A,15,7,1208
A,15,8,1209
A,15,9,1210
A,15,10,1211
A,15,11,1212
A,15,12,1213
A,15,13,1214
A,15,14,1215
A,15,15,1216
A,15,16,1217
A,15,17,1218
A,15,18,1219
A,15,19,1220
A,15,20,1221
A,15,21,1222
A,15,22,1223
A,15,23,1224
A,15,24,1225
A,15,25,1226
A,15,26,1227
A,15,27,1228
A,15,28,1229
A,15,29,1230
A,15,30,1231
A,15,31,1232
A,15,32,1233
A,15,33,1234
A,15,34,1235
A,15,35,1236
A,15,36,1237
A,15,37,1238
A,15,38,1239
A,15,39,1240
A,15,40,1241
A,15,41,1242
A,15,42,1243
A,15,43,1244
A,15,44,1245
A,15,45,1246
A,15,46,1247
A,15,47,1248
A,15,48,1249
A,15,49,1250
A,15,50,1251
A,15,51,1252
A,15,52,1253
A,15,53,1254
A,15,54,1255
A,15,55,1256
A,15,56,1257
A,15,57,1258
A,15,58,1259
A,15,59,1260
A,15,60,1261
A,15,61,1262
A,15,62,1263
A,15,63,1264
A,15,64,1265
A,15,65,1266
A,15,66,1267
A,15,67,1268
A,15,68,1269
A,15,69,1270
A,15,70,1271
A,15,71,1272
A,15,72,1273
A,15,73,1274
A,15,74,1275
A,15,75,1276
A,15,76,1277
A,15,77,1278
A,15,78,1279
A,15,79,1280
A,16,0,1281
A,16,1,1282
A,16,2,1283
A,16,3,1284
A,16,4,1285
A,16,5,1286
A,16,6,1287
A,16,7,1288
A,16,8,1289
A,16,9,1290
A,16,10,1291
A,16,11,1292
A,16,12,1293
A,16,13,1294
A,16,14,1295
A,16,15,1296
A,16,16,1297
A,16,17,1298
A,16,18,1299
A,16,19,1300
A,16,20,1301
A,16,21,1302
A,16,22,1303
A,16,23,1304
A,16,24,1305
A,16,25,1306
A,16,26,1307
A,16,27,1308
A,16,28,1309
A,16,29,1310
A,16,30,1311
A,16,31,1312
A,16,32,1313
A,16,33,1314
A,16,34,1315
A,16,35,1316
A,16,36,1317
A,16,37,1318
A,16,38,1319
A,16,39,1320
A,16,40,1321
A,16,41,1322
A,16,42,1323
A,16,43,1324
A,16,44,1325
A,16,45,1326
A,16,46,1327
A,16,47,1328
A,16,48,1329
A,16,49,1330
A,16,50,1331
A,16,51,1332
A,16,52,1333
A,16,53,1334
A,16,54,1335
A,16,55,1336
A,16,56,1337
A,16,57,1338
A,16,58,1339
A,16,59,1340
A,16,60,1341
A,16,61,1342
A,16,62,1343
A,16,63,1344
A,16,64,1345
A,16,65,1346
A,16,66,1347
A,16,67,1348
A,16,68,1349
A,16,69,1350
A,16,70,1351
A,16,71,1352
A,16,72,1353
A,16,73,1354
A,16,74,1355
A,16,75,1356
A,16,76,1357
A,16,77,1358
A,16,78,1359
A,16,79,1360
A,17,0,1361
A,17,1,1362
A,17,2,1363
A,17,3,1364
A,17,4,1365
A,17,5,1366
A,17,6,1367
A,17,7,1368
A,17,8,1369
A,17,9,1370
A,17,10,1371
A,17,11,1372
A,17,12,1373
A,17,13,1374
A,17,14,1375
A,17,15,1376
A,17,16,1377
A,17,17,1378
A,17,18,1379
A,17,19,1380
A,17,20,1381
A,17,21,1382
A,17,22,1383
A,17,23,1384
A,17,24,1385
A,17,25,1386
A,17,26,1387
A,17,27,1388
A,17,28,1389
A,17,29,1390
A,17,30,1391
A,17,31,1392
A,17,32,1393
A,17,33,1394
A,17,34,1395
A,17,35,1396
A,17,36,1397
A,17,37,1398
A,17,38,1399
A,17,39,1400
A,17,40,1401
A,17,41,1402
A,17,42,1403
A,17,43,1404
A,17,44,1405
A,17,45,1406
A,17,46,1407
A,17,47,1408
A,17,48,1409
A,17,49,1410
A,17,50,1411
A,17,51,1412
A,17,52,1413
A,17,53,1414
A,17,54,1415
A,17,55,1416
A,17,56,1417
A,17,57,1418
A,17,58,1419
A,17,59,1420
A,17,60,1421
A,17,61,1422
A,17,62,1423
A,17,63,1424
A,17,64,1425
A,17,65,1426
A,17,66,1427
A,17,67,1428
A,17,68,1429
A,17,69,1430
A,17,70,1431
A,17,71,1432
A,17,72,1433
A,17,73,1434
A,17,74,1435
A,17,75,1436
A,17,76,1437
A,17,77,1438
A,17,78,1439
A,17,79,1440
A,18,0,1441
A,18,1,1442
A,18,2,1443
A,18,3,1444
A,18,4,1445
A,18,5,1446
A,18,6,1447
A,18,7,1448
A,18,8,1449
A,18,9,1450
A,18,10,1451
A,18,11,1452
A,18,12,1453
A,18,13,1454
A,18,14,1455
A,18,15,1456
A,18,16,1457
A,18,17,1458
A,18,18,1459
A,18,19,1460
A,18,20,1461
A,18,21,1462
A,18,22,1463
A,18,23,1464
A,18,24,1465
A,18,25,1466
A,18,26,1467
A,18,27,1468
A,18,28,1469
A,18,29,1470
A,18,30,1471
A,18,31,1472
A,18,32,1473
A,18,33,1474
A,18,34,1475
A,18,35,1476
A,18,36,1477
A,18,37,1478
A,18,38,1479
A,18,39,1480
A,18,40,1481
A,18,41,1482
A,18,42,1483
A,18,43,1484
A,18,44,1485
A,18,45,1486
A,18,46,1487
A,18,47,1488
A,18,48,1489
A,18,49,1490
A,18,50,1491
A,18,51,1492
A,18,52,1493
A,18,53,1494
A,18,54,1495
A,18,55,1496
A,18,56,1497
A,18,57,1498
A,18,58,1499
A,18,59,1500
A,18,60,1501
A,18,61,1502
A,18,62,1503
A,18,63,1504
A,18,64,1505
A,18,65,1506
A,18,66,1507
A,18,67,1508
A,18,68,1509
A,18,69,1510
A,18,70,1511
A,18,71,1512
A,18,72,1513
A,18,73,1514
A,18,74,1515
A,18,75,1516
A,18,76,1517
A,18,77,1518
A,18,78,1519
A,18,79,1520
A,19,0,1521
A,19,1,1522
A,19,2,1523
A,19,3,1524
A,19,4,1525
A,19,5,1526
A,19,6,1527
A,19,7,1528
A,19,8,1529
A,19,9,1530
A,19,10,1531
A,19,11,1532
A,19,12,1533
A,19,13,1534
A,19,14,1535
A,19,15,1536
A,19,16,1537
A,19,17,1538
A,19,18,1539
A,19,19,1540
A,19,20,1541
A,19,21,1542
A,19,22,1543
A,19,23,1544
A,19,24,1545
A,19,25,1546
A,19,26,1547
A,19,27,1548
A,19,28,1549
A,19,29,1550
A,19,30,1551
A,19,31,1552
A,19,32,1553
A,19,33,1554
A,19,34,1555
A,19,35,1556
A,19,36,1557
A,19,37,1558
A,19,38,1559
A,19,39,1560
A,19,40,1561
A,19,41,1562
A,19,42,1563
A,19,43,1564
A,19,44,1565
A,19,45,1566
A,19,46,1567
A,19,47,1568
A,19,48,1569
A,19,49,1570
A,19,50,1571
A,19,51,1572
A,19,52,1573
A,19,53,1574
A,19,54,1575
A,19,55,1576
A,19,56,1577
A,19,57,1578
A,19,58,1579
A,19,59,1580
A,19,60,1581
A,19,61,1582
A,19,62,1583
A,19,63,1584
A,19,64,1585
A,19,65,1586
A,19,66,1587
A,19,67,1588
A,19,68,1589
A,19,69,1590
A,19,70,1591
A,19,71,1592
A,19,72,1593
A,19,73,1594
A,19,74,1595
A,19,75,1596
A,19,76,1597
A,19,77,1598
A,19,78,1599
A,19,79,1600
A,20,0,1601
A,20,1,1602
A,20,2,1603
A,20,3,1604
A,20,4,1605
A,20,5,1606
A,20,6,1607
A,20,7,1608
A,20,8,1609
A,20,9,1610
A,20,10,1611
A,20,11,1612
A,20,12,1613
A,20,13,1614
A,20,14,1615
A,20,15,1616
A,20,16,1617
A,20,17,1618
A,20,18,1619
A,20,19,1620
A,20,20,1621
A,20,21,1622
A,20,22,1623
A,20,23,1624
A,20,24,1625
A,20,25,1626
A,20,26,1627
A,20,27,1628
A,20,28,1629
A,20,29,1630
A,20,30,1631
A,20,31,1632
A,20,32,1633
A,20,33,1634
A,20,34,1635
A,20,35,1636
A,20,36,1637
A,20,37,1638
A,20,38,1639
A,20,39,1640
A,20,40,1641
A,20,41,1642
A,20,42,1643
A,20,43,1644
A,20,44,1645
A,20,45,1646
A,20,46,1647
A,20,47,1648
A,20,48,1649
A,20,49,1650
A,20,50,1651
A,20,51,1652
A,20,52,1653
A,20,53,1654
A,20,54,1655
A,20,55,1656
A,20,56,1657
A,20,57,1658
A,20,58,1659
A,20,59,1660
A,20,60,1661
A,20,61,1662
A,20,62,1663
A,20,63,1664
A,20,64,1665
A,20,65,1666
A,20,66,1667
A,20,67,1668
A,20,68,1669
A,20,69,1670
A,20,70,1671
A,20,71,1672
A,20,72,1673
A,20,73,1674
A,20,74,1675
A,20,75,1676
A,20,76,1677
A,20,77,1678
A,20,78,1679
A,20,79,1680
A,21,0,1681
A,21,1,1682
A,21,2,1683
A,21,3,1684
A,21,4,1685
A,21,5,1686
A,21,6,1687
A,21,7,1688
A,21,8,1689
A,21,9,1690
A,21,10,1691
A,21,11,1692
A,21,12,1693
A,21,13,1694
A,21,14,1695
A,21,15,1696
A,21,16,1697
A,21,17,1698
A,21,18,1699
A,21,19,1700
A,21,20,1701
A,21,21,1702
A,21,22,1703
A,21,23,1704
A,21,24,1705
A,21,25,1706
A,21,26,1707
A,21,27,1708
A,21,28,1709
A,21,29,1710
A,21,30,1711
A,21,31,1712
A,21,32,1713
A,21,33,1714
A,21,34,1715
A,21,35,1716
A,21,36,1717
A,21,37,1718
A,21,38,1719
A,21,39,1720
A,21,40,1721
A,21,41,1722
A,21,42,1723
A,21,43,1724
A,21,44,1725
A,21,45,1726
A,21,46,1727
A,21,47,1728
A,21,48,1729
A,21,49,1730
A,21,50,1731
A,21,51,1732
A,21,52,1733
A,21,53,1734
A,21,54,1735
A,21,55,1736
A,21,56,1737
A,21,57,1738
A,21,58,1739
A,21,59,1740
A,21,60,1741
A,21,61,1742
A,21,62,1743
A,21,63,1744
A,21,64,1745
A,21,65,1746
A,21,66,1747
A,21,67,1748
A,21,68,1749
A,21,69,1750
A,21,70,1751
A,21,71,1752
A,21,72,1753
A,21,73,1754
A,21,74,1755
A,21,75,1756
A,21,76,1757
A,21,77,1758
A,21,78,1759
A,21,79,1760
A,22,0,1761
A,22,1,1762
A,22,2,1763
A,22,3,1764
A,22,4,1765
A,22,5,1766
A,22,6,1767
A,22,7,1768
A,22,8,1769
A,22,9,1770
A,22,10,1771
A,22,11,1772
A,22,12,1773
A,22,13,1774
A,22,14,1775
A,22,15,1776
A,22,16,1777
A,22,17,1778
A,22,18,1779
A,22,19,1780
A,22,20,1781
A,22,21,1782
A,22,22,1783
A,22,23,1784
A,22,24,1785
A,22,25,1786
A,22,26,1787
A,22,27,1788
A,22,28,1789
A,22,29,1790
A,22,30,1791
A,22,31,1792
A,22,32,1793
A,22,33,1794
A,22,34,1795
A,22,35,1796
A,22,36,1797
A,22,37,1798
A,22,38,1799
A,22,39,1800
A,22,40,1801
A,22,41,1802
A,22,42,1803
A,22,43,1804
A,22,44,1805
A,22,45,1806
A,22,46,1807
A,22,47,1808
A,22,48,1809
A,22,49,1810
A,22,50,1811
A,22,51,1812
A,22,52,1813
A,22,53,1814
A,22,54,1815
A,22,55,1816
A,22,56,1817
A,22,57,1818
A,22,58,1819
A,22,59,1820
A,22,60,1821
A,22,61,1822
A,22,62,1823
A,22,63,1824
A,22,64,1825
A,22,65,1826
A,22,66,1827
A,22,67,1828
A,22,68,1829
A,22,69,1830
A,22,70,1831
A,22,71,1832
A,22,72,1833
A,22,73,1834
A,22,74,1835
A,22,75,1836
A,22,76,1837
A,22,77,1838
A,22,78,1839
A,22,79,1840
A,23,0,1841
A,23,1,1842
A,23,2,1843
A,23,3,1844
A,23,4,1845
A,23,5,1846
A,23,6,1847
A,23,7,1848
A,23,8,1849
A,23,9,1850
A,23,10,1851
A,23,11,1852
A,23,12,1853
A,23,13,1854
A,23,14,1855
A,23,15,1856
A,23,16,1857
A,23,17,1858
A,23,18,1859
A,23,19,1860
A,23,20,1861
A,23,21,1862
A,23,22,1863
A,23,23,1864
A,23,24,1865
A,23,25,1866
A,23,26,1867
A,23,27,1868
A,23,28,1869
A,23,29,1870
A,23,30,1871
A,23,31,1872
A,23,32,1873
A,23,33,1874
A,23,34,1875
A,23,35,1876
A,23,36,1877
A,23,37,1878
A,23,38,1879
A,23,39,1880
A,23,40,1881
A,23,41,1882
A,23,42,1883
A,23,43,1884
A,23,44,1885
A,23,45,1886
A,23,46,1887
A,23,47,1888
A,23,48,1889
A,23,49,1890
A,23,50,1891
A,23,51,1892
A,23,52,1893
A,23,53,1894
A,23,54,1895
A,23,55,1896
A,23,56,1897
A,23,57,1898
A,23,58,1899
A,23,59,1900
A,23,60,1901
A,23,61,1902
A,23,62,1903
A,23,63,1904
A,23,64,1905
A,23,65,1906
A,23,66,1907
A,23,67,1908
A,23,68,1909
A,23,69,1910
A,23,70,1911
A,23,71,1912
A,23,72,1913
A,23,73,1914
A,23,74,1915
A,23,75,1916
A,23,76,1917
A,23,77,1918
A,23,78,1919
A,23,79,1920
A,24,0,1921
A,24,1,1922
A,24,2,1923
A,24,3,1924
A,24,4,1925
A,24,5,1926
A,24,6,1927
A,24,7,1928
A,24,8,1929
A,24,9,1930
A,24,10,1931
A,24,11,1932
A,24,12,1933
A,24,13,1934
A,24,14,1935
A,24,15,1936
A,24,16,1937
A,24,17,1938
A,24,18,1939
A,24,19,1940
A,24,20,1941
A,24,21,1942
A,24,22,1943
A,24,23,1944
A,24,24,1945
A,24,25,1946
A,24,26,1947
A,24,27,1948
A,24,28,1949
A,24,29,1950
A,24,30,1951
A,24,31,1952
A,24,32,1953
A,24,33,1954
A,24,34,1955
A,24,35,1956
A,24,36,1957
A,24,37,1958
A,24,38,1959
A,24,39,1960
A,24,40,1961
A,24,41,1962
A,24,42,1963
A,24,43,1964
A,24,44,1965
A,24,45,1966
A,24,46,1967
A,24,47,1968
A,24,48,1969
A,24,49,1970
A,24,50,1971
A,24,51,1972
A,24,52,1973
A,24,53,1974
A,24,54,1975
A,24,55,1976
A,24,56,1977
A,24,57,1978
A,24,58,1979
A,24,59,1980
A,24,60,1981
A,24,61,1982
A,24,62,1983
A,24,63,1984
A,24,64,1985
A,24,65,1986
A,24,66,1987
A,24,67,1988
A,24,68,1989
A,24,69,1990
A,24,70,1991
A,24,71,1992
A,24,72,1993
A,24,73,1994
A,24,74,1995
A,24,75,1996
A,24,76,1997
A,24,77,1998
A,24,78,1999
A,24,79,2000
A,25,0,2001
A,25,1,2002
A,25,2,2003
A,25,3,2004
A,25,4,2005
A,25,5,2006
A,25,6,2007
A,25,7,2008
A,25,8,2009
A,25,9,2010
A,25,10,2011
A,25,11,2012
A,25,12,2013
A,25,13,2014
A,25,14,2015
A,25,15,2016
A,25,16,2017
A,25,17,2018
A,25,18,2019
A,25,19,2020
A,25,20,2021
A,25,21,2022
A,25,22,2023
A,25,23,2024
A,25,24,2025
A,25,25,2026
A,25,26,2027
A,25,27,2028
A,25,28,2029
A,25,29,2030
A,25,30,2031
A,25,31,2032
A,25,32,2033
A,25,33,2034
A,25,34,2035
A,25,35,2036
A,25,36,2037
A,25,37,2038
A,25,38,2039
A,25,39,2040
A,25,40,2041
A,25,41,2042
A,25,42,2043
A,25,43,2044
A,25,44,2045
A,25,45,2046
A,25,46,2047
A,25,47,2048
A,25,48,2049
A,25,49,2050
A,25,50,2051
A,25,51,2052
A,25,52,2053
A,25,53,2054
A,25,54,2055
A,25,55,2056
A,25,56,2057
A,25,57,2058
A,25,58,2059
A,25,59,2060
A,25,60,2061
A,25,61,2062
A,25,62,2063
A,25,63,2064
A,25,64,2065
A,25,65,2066
A,25,66,2067
A,25,67,2068
A,25,68,2069
A,25,69,2070
A,25,70,2071
A,25,71,2072
A,25,72,2073
A,25,73,2074
A,25,74,2075
A,25,75,2076
A,25,76,2077
A,25,77,2078
A,25,78,2079
A,25,79,2080
A,26,0,2081
A,26,1,2082
A,26,2,2083
A,26,3,2084
A,26,4,2085
A,26,5,2086
A,26,6,2087
A,26,7,2088
A,26,8,2089
A,26,9,2090
A,26,10,2091
A,26,11,2092
A,26,12,2093
A,26,13,2094
A,26,14,2095
A,26,15,2096
A,26,16,2097
A,26,17,2098
A,26,18,2099
A,26,19,2100
A,26,20,2101
A,26,21,2102
A,26,22,2103
A,26,23,2104
A,26,24,2105
A,26,25,2106
A,26,26,2107
A,26,27,2108
A,26,28,2109
A,26,29,2110
A,26,30,2111
A,26,31,2112
A,26,32,2113
A,26,33,2114
A,26,34,2115
A,26,35,2116
A,26,36,2117
A,26,37,2118
A,26,38,2119
A,26,39,2120
A,26,40,2121
A,26,41,2122
A,26,42,2123
A,26,43,2124
A,26,44,2125
A,26,45,2126
A,26,46,2127
A,26,47,2128
A,26,48,2129
A,26,49,2130
A,26,50,2131
A,26,51,2132
A,26,52,2133
A,26,53,2134
A,26,54,2135
A,26,55,2136
A,26,56,2137
A,26,57,2138
A,26,58,2139
A,26,59,2140
A,26,60,2141
A,26,61,2142
A,26,62,2143
A,26,63,2144
A,26,64,2145
A,26,65,2146
A,26,66,2147
A,26,67,2148
A,26,68,2149
A,26,69,2150
A,26,70,2151
A,26,71,2152
A,26,72,2153
A,26,73,2154
A,26,74,2155
A,26,75,2156
A,26,76,2157
A,26,77,2158
A,26,78,2159
A,26,79,2160
A,27,0,2161
A,27,1,2162
A,27,2,2163
A,27,3,2164
A,27,4,2165
A,27,5,2166
A,27,6,2167
A,27,7,2168
A,27,8,2169
A,27,9,2170
A,27,10,2171
A,27,11,2172
A,27,12,2173
A,27,13,2174
A,27,14,2175
A,27,15,2176
A,27,16,2177
A,27,17,2178
A,27,18,2179
A,27,19,2180
A,27,20,2181
A,27,21,2182
A,27,22,2183
A,27,23,2184
A,27,24,2185
A,27,25,2186
A,27,26,2187
A,27,27,2188
A,27,28,2189
A,27,29,2190
A,27,30,2191
A,27,31,2192
A,27,32,2193
A,27,33,2194
A,27,34,2195
A,27,35,2196
A,27,36,2197
A,27,37,2198
A,27,38,2199
A,27,39,2200
A,27,40,2201
A,27,41,2202
A,27,42,2203
A,27,43,2204
A,27,44,2205
A,27,45,2206
A,27,46,2207
A,27,47,2208
A,27,48,2209
A,27,49,2210
A,27,50,2211
A,27,51,2212
A,27,52,2213
A,27,53,2214
A,27,54,2215
A,27,55,2216
A,27,56,2217
A,27,57,2218
A,27,58,2219
A,27,59,2220
A,27,60,2221
A,27,61,2222
A,27,62,2223
A,27,63,2224
A,27,64,2225
A,27,65,2226
A,27,66,2227
A,27,67,2228
A,27,68,2229
A,27,69,2230
A,27,70,2231
A,27,71,2232
A,27,72,2233
A,27,73,2234
A,27,74,2235
A,27,75,2236
A,27,76,2237
A,27,77,2238
A,27,78,2239
A,27,79,2240
A,28,0,2241
A,28,1,2242
A,28,2,2243
A,28,3,2244
A,28,4,2245
A,28,5,2246
A,28,6,2247
A,28,7,2248
A,28,8,2249
A,28,9,2250
A,28,10,2251
A,28,11,2252
A,28,12,2253
A,28,13,2254
A,28,14,2255
A,28,15,2256
A,28,16,2257
A,28,17,2258
A,28,18,2259
A,28,19,2260
A,28,20,2261
A,28,21,2262
A,28,22,2263
A,28,23,2264
A,28,24,2265
A,28,25,2266
A,28,26,2267
A,28,27,2268
A,28,28,2269
A,28,29,2270
A,28,30,2271
A,28,31,2272
A,28,32,2273
A,28,33,2274
A,28,34,2275
A,28,35,2276
A,28,36,2277
A,28,37,2278
A,28,38,2279
A,28,39,2280
A,28,40,2281
A,28,41,2282
A,28,42,2283
A,28,43,2284
A,28,44,2285
A,28,45,2286
A,28,46,2287
A,28,47,2288
A,28,48,2289
A,28,49,2290
A,28,50,2291
A,28,51,2292
A,28,52,2293
A,28,53,2294
A,28,54,2295
A,28,55,2296
A,28,56,2297
A,28,57,2298
A,28,58,2299
A,28,59,2300
A,28,60,2301
A,28,61,2302
A,28,62,2303
A,28,63,2304
A,28,64,2305
A,28,65,2306
A,28,66,2307
A,28,67,2308
A,28,68,2309
A,28,69,2310
A,28,70,2311
A,28,71,2312
A,28,72,2313
A,28,73,2314
A,28,74,2315
A,28,75,2316
A,28,76,2317
A,28,77,2318
A,28,78,2319
A,28,79,2320
A,29,0,2321
A,29,1,2322
A,29,2,2323
A,29,3,2324
A,29,4,2325
A,29,5,2326
A,29,6,2327
A,29,7,2328
A,29,8,2329
A,29,9,2330
A,29,10,2331
A,29,11,2332
A,29,12,2333
A,29,13,2334
A,29,14,2335
A,29,15,2336
A,29,16,2337
A,29,17,2338
A,29,18,2339
A,29,19,2340
A,29,20,2341
A,29,21,2342
A,29,22,2343
A,29,23,2344
A,29,24,2345
A,29,25,2346
A,29,26,2347
A,29,27,2348
A,29,28,2349
A,29,29,2350
A,29,30,2351
A,29,31,2352
A,29,32,2353
A,29,33,2354
A,29,34,2355
A,29,35,2356
A,29,36,2357
A,29,37,2358
A,29,38,2359
A,29,39,2360
A,29,40,2361
A,29,41,2362
A,29,42,2363
A,29,43,2364
A,29,44,2365
A,29,45,2366
A,29,46,2367
A,29,47,2368
A,29,48,2369
A,29,49,2370
A,29,50,2371
A,29,51,2372
A,29,52,2373
A,29,53,2374
A,29,54,2375
A,29,55,2376
A,29,56,2377
A,29,57,2378
A,29,58,2379
A,29,59,2380
A,29,60,2381
A,29,61,2382
A,29,62,2383
A,29,63,2384
A,29,64,2385
A,29,65,2386
A,29,66,2387
A,29,67,2388
A,29,68,2389
A,29,69,2390
A,29,70,2391
A,29,71,2392
A,29,72,2393
A,29,73,2394
A,29,74,2395
A,29,75,2396
A,29,76,2397
A,29,77,2398
A,29,78,2399
A,29,79,2400
A,30,0,2401
A,30,1,2402
A,30,2,2403
A,30,3,2404
A,30,4,2405
A,30,5,2406
A,30,6,2407
A,30,7,2408
A,30,8,2409
A,30,9,2410
A,30,10,2411
A,30,11,2412
A,30,12,2413
A,30,13,2414
A,30,14,2415
A,30,15,2416
A,30,16,2417
A,30,17,2418
A,30,18,2419
A,30,19,2420
A,30,20,2421
A,30,21,2422
A,30,22,2423
A,30,23,2424
A,30,24,2425
A,30,25,2426
A,30,26,2427
A,30,27,2428
A,30,28,2429
A,30,29,2430
A,30,30,2431
A,30,31,2432
A,30,32,2433
A,30,33,2434
A,30,34,2435
A,30,35,2436
A,30,36,2437
A,30,37,2438
A,30,38,2439
A,30,39,2440
A,30,40,2441
A,30,41,2442
A,30,42,2443
A,30,43,2444
A,30,44,2445
A,30,45,2446
A,30,46,2447
A,30,47,2448
A,30,48,2449
A,30,49,2450
A,30,50,2451
A,30,51,2452
A,30,52,2453
A,30,53,2454
A,30,54,2455
A,30,55,2456
A,30,56,2457
A,30,57,2458
A,30,58,2459
A,30,59,2460
A,30,60,2461
A,30,61,2462
A,30,62,2463
A,30,63,2464
A,30,64,2465
A,30,65,2466
A,30,66,2467
A,30,67,2468
A,30,68,2469
A,30,69,2470
A,30,70,2471
A,30,71,2472
A,30,72,2473
A,30,73,2474
A,30,74,2475
A,30,75,2476
A,30,76,2477
A,30,77,2478
A,30,78,2479
A,30,79,2480
A,31,0,2481
A,31,1,2482
A,31,2,2483
A,31,3,2484
A,31,4,2485
A,31,5,2486
A,31,6,2487
A,31,7,2488
A,31,8,2489
A,31,9,2490
A,31,10,2491
A,31,11,2492
A,31,12,2493
A,31,13,2494
A,31,14,2495
A,31,15,2496
A,31,16,2497
A,31,17,2498
A,31,18,2499
A,31,19,2500
A,31,20,2501
A,31,21,2502
A,31,22,2503
A,31,23,2504
A,31,24,2505
A,31,25,2506
A,31,26,2507
A,31,27,2508
A,31,28,2509
A,31,29,2510
A,31,30,2511
A,31,31,2512
A,31,32,2513
A,31,33,2514
A,31,34,2515
A,31,35,2516
A,31,36,2517
A,31,37,2518
A,31,38,2519
A,31,39,2520
A,31,40,2521
A,31,41,2522
A,31,42,2523
A,31,43,2524
A,31,44,2525
A,31,45,2526
A,31,46,2527
A,31,47,2528
A,31,48,2529
A,31,49,2530
A,31,50,2531
A,31,51,2532
A,31,52,2533
A,31,53,2534
A,31,54,2535
A,31,55,2536
A,31,56,2537
A,31,57,2538
A,31,58,2539
A,31,59,2540
A,31,60,2541
A,31,61,2542
A,31,62,2543
A,31,63,2544
A,31,64,2545
A,31,65,2546
A,31,66,2547
A,31,67,2548
A,31,68,2549
A,31,69,2550
A,31,70,2551
A,31,71,2552
A,31,72,2553
A,31,73,2554
A,31,74,2555
A,31,75,2556
A,31,76,2557
A,31,77,2558
A,31,78,2559
A,31,79,2560
A,32,0,2561
A,32,1,2562
A,32,2,2563
A,32,3,2564
A,32,4,2565
A,32,5,2566
A,32,6,2567
A,32,7,2568
A,32,8,2569
A,32,9,2570
A,32,10,2571
A,32,11,2572
A,32,12,2573
A,32,13,2574
A,32,14,2575
A,32,15,2576
A,32,16,2577
A,32,17,2578
A,32,18,2579
A,32,19,2580
A,32,20,2581
A,32,21,2582
A,32,22,2583
A,32,23,2584
A,32,24,2585
A,32,25,2586
A,32,26,2587
A,32,27,2588
A,32,28,2589
A,32,29,2590
A,32,30,2591
A,32,31,2592
A,32,32,2593
A,32,33,2594
A,32,34,2595
A,32,35,2596
A,32,36,2597
A,32,37,2598
A,32,38,2599
A,32,39,2600
A,32,40,2601
A,32,41,2602
A,32,42,2603
A,32,43,2604
A,32,44,2605
A,32,45,2606
A,32,46,2607
A,32,47,2608
A,32,48,2609
A,32,49,2610
A,32,50,2611
A,32,51,2612
A,32,52,2613
A,32,53,2614
A,32,54,2615
A,32,55,2616
A,32,56,2617
A,32,57,2618
A,32,58,2619
A,32,59,2620
A,32,60,2621
A,32,61,2622
A,32,62,2623
A,32,63,2624
A,32,64,2625
A,32,65,2626
A,32,66,2627
A,32,67,2628
A,32,68,2629
A,32,69,2630
A,32,70,2631
A,32,71,2632
A,32,72,2633
A,32,73,2634
A,32,74,2635
A,32,75,2636
A,32,76,2637
A,32,77,2638
A,32,78,2639
A,32,79,2640
A,33,0,2641
A,33,1,2642
A,33,2,2643
A,33,3,2644
A,33,4,2645
A,33,5,2646
A,33,6,2647
A,33,7,2648
A,33,8,2649
A,33,9,2650
A,33,10,2651
A,33,11,2652
A,33,12,2653
A,33,13,2654
A,33,14,2655
A,33,15,2656
A,33,16,2657
A,33,17,2658
A,33,18,2659
A,33,19,2660
A,33,20,2661
A,33,21,2662
A,33,22,2663
A,33,23,2664
A,33,24,2665
A,33,25,2666
A,33,26,2667
A,33,27,2668
A,33,28,2669
A,33,29,2670
A,33,30,2671
A,33,31,2672
A,33,32,2673
A,33,33,2674
A,33,34,2675
A,33,35,2676
A,33,36,2677
A,33,37,2678
A,33,38,2679
A,33,39,2680
A,33,40,2681
A,33,41,2682
A,33,42,2683
A,33,43,2684
A,33,44,2685
A,33,45,2686
A,33,46,2687
A,33,47,2688
A,33,48,2689
A,33,49,2690
A,33,50,2691
A,33,51,2692
A,33,52,2693
A,33,53,2694
A,33,54,2695
A,33,55,2696
A,33,56,2697
A,33,57,2698
A,33,58,2699
A,33,59,2700
A,33,60,2701
A,33,61,2702
A,33,62,2703
A,33,63,2704
A,33,64,2705
A,33,65,2706
A,33,66,2707
A,33,67,2708
A,33,68,2709
A,33,69,2710
A,33,70,2711
A,33,71,2712
A,33,72,2713
A,33,73,2714
A,33,74,2715
A,33,75,2716
A,33,76,2717
A,33,77,2718
A,33,78,2719
A,33,79,2720
A,34,0,2721
A,34,1,2722
A,34,2,2723
A,34,3,2724
A,34,4,2725
A,34,5,2726
A,34,6,2727
A,34,7,2728
A,34,8,2729
A,34,9,2730
A,34,10,2731
A,34,11,2732
A,34,12,2733
A,34,13,2734
A,34,14,2735
A,34,15,2736
A,34,16,2737
A,34,17,2738
A,34,18,2739
A,34,19,2740
A,34,20,2741
A,34,21,2742
A,34,22,2743
A,34,23,2744
A,34,24,2745
A,34,25,2746
A,34,26,2747
A,34,27,2748
A,34,28,2749
A,34,29,2750
A,34,30,2751
A,34,31,2752
A,34,32,2753
A,34,33,2754
A,34,34,2755
A,34,35,2756
A,34,36,2757
A,34,37,2758
A,34,38,2759
A,34,39,2760
A,34,40,2761
A,34,41,2762
A,34,42,2763
A,34,43,2764
A,34,44,2765
A,34,45,2766
A,34,46,2767
A,34,47,2768
A,34,48,2769
A,34,49,2770
A,34,50,2771
A,34,51,2772
A,34,52,2773
A,34,53,2774
A,34,54,2775
A,34,55,2776
A,34,56,2777
A,34,57,2778
A,34,58,2779
A,34,59,2780
A,34,60,2781
A,34,61,2782
A,34,62,2783
A,34,63,2784
A,34,64,2785
A,34,65,2786
A,34,66,2787
A,34,67,2788
A,34,68,2789
A,34,69,2790
A,34,70,2791
A,34,71,2792
A,34,72,2793
A,34,73,2794
A,34,74,2795
A,34,75,2796
A,34,76,2797
A,34,77,2798
A,34,78,2799
A,34,79,2800
A,35,0,2801
A,35,1,2802
A,35,2,2803
A,35,3,2804
A,35,4,2805
A,35,5,2806
A,35,6,2807
A,35,7,2808
A,35,8,2809
A,35,9,2810
A,35,10,2811
A,35,11,2812
A,35,12,2813
A,35,13,2814
A,35,14,2815
A,35,15,2816
A,35,16,2817
A,35,17,2818
A,35,18,2819
A,35,19,2820
A,35,20,2821
A,35,21,2822
A,35,22,2823
A,35,23,2824
A,35,24,2825
A,35,25,2826
A,35,26,2827
A,35,27,2828
A,35,28,2829
A,35,29,2830
A,35,30,2831
A,35,31,2832
A,35,32,2833
A,35,33,2834
A,35,34,2835
A,35,35,2836
A,35,36,2837
A,35,37,2838
A,35,38,2839
A,35,39,2840
A,35,40,2841
A,35,41,2842
A,35,42,2843
A,35,43,2844
A,35,44,2845
A,35,45,2846
A,35,46,2847
A,35,47,2848
A,35,48,2849
A,35,49,2850
A,35,50,2851
A,35,51,2852
A,35,52,2853
A,35,53,2854
A,35,54,2855
A,35,55,2856
A,35,56,2857
A,35,57,2858
A,35,58,2859
A,35,59,2860
A,35,60,2861
A,35,61,2862
A,35,62,2863
A,35,63,2864
A,35,64,2865
A,35,65,2866
A,35,66,2867
A,35,67,2868
A,35,68,2869
A,35,69,2870
A,35,70,2871
A,35,71,2872
A,35,72,2873
A,35,73,2874
A,35,74,2875
A,35,75,2876
A,35,76,2877
A,35,77,2878
A,35,78,2879
A,35,79,2880
A,36,0,2881
A,36,1,2882
A,36,2,2883
A,36,3,2884
A,36,4,2885
A,36,5,2886
A,36,6,2887
A,36,7,2888
A,36,8,2889
A,36,9,2890
A,36,10,2891
A,36,11,2892
A,36,12,2893
A,36,13,2894
A,36,14,2895
A,36,15,2896
A,36,16,2897
A,36,17,2898
A,36,18,2899
A,36,19,2900
A,36,20,2901
A,36,21,2902
A,36,22,2903
A,36,23,2904
A,36,24,2905
A,36,25,2906
A,36,26,2907
A,36,27,2908
A,36,28,2909
A,36,29,2910
A,36,30,2911
A,36,31,2912
A,36,32,2913
A,36,33,2914
A,36,34,2915
A,36,35,2916
A,36,36,2917
A,36,37,2918
A,36,38,2919
A,36,39,2920
A,36,40,2921
A,36,41,2922
A,36,42,2923
A,36,43,2924
A,36,44,2925
A,36,45,2926
A,36,46,2927
A,36,47,2928
A,36,48,2929
A,36,49,2930
A,36,50,2931
A,36,51,2932
A,36,52,2933
A,36,53,2934
A,36,54,2935
A,36,55,2936
A,36,56,2937
A,36,57,2938
A,36,58,2939
A,36,59,2940
A,36,60,2941
A,36,61,2942
A,36,62,2943
A,36,63,2944
A,36,64,2945
A,36,65,2946
A,36,66,2947
A,36,67,2948
A,36,68,2949
A,36,69,2950
A,36,70,2951
A,36,71,2952
A,36,72,2953
A,36,73,2954
A,36,74,2955
A,36,75,2956
A,36,76,2957
A,36,77,2958
A,36,78,2959
A,36,79,2960
A,37,0,2961
A,37,1,2962
A,37,2,2963
A,37,3,2964
A,37,4,2965
A,37,5,2966
A,37,6,2967
A,37,7,2968
A,37,8,2969
A,37,9,2970
A,37,10,2971
A,37,11,2972
A,37,12,2973
A,37,13,2974
A,37,14,2975
A,37,15,2976
A,37,16,2977
A,37,17,2978
A,37,18,2979
A,37,19,2980
A,37,20,2981
A,37,21,2982
A,37,22,2983
A,37,23,2984
A,37,24,2985
A,37,25,2986
A,37,26,2987
A,37,27,2988
A,37,28,2989
A,37,29,2990
A,37,30,2991
A,37,31,2992
A,37,32,2993
A,37,33,2994
A,37,34,2995
A,37,35,2996
A,37,36,2997
A,37,37,2998
A,37,38,2999
A,37,39,3000
A,37,40,3001
A,37,41,3002
A,37,42,3003
A,37,43,3004
A,37,44,3005
A,37,45,3006
A,37,46,3007
A,37,47,3008
A,37,48,3009
A,37,49,3010
A,37,50,3011
A,37,51,3012
A,37,52,3013
A,37,53,3014
A,37,54,3015
A,37,55,3016
A,37,56,3017
A,37,57,3018
A,37,58,3019
A,37,59,3020
A,37,60,3021
A,37,61,3022
A,37,62,3023
A,37,63,3024
A,37,64,3025
A,37,65,3026
A,37,66,3027
A,37,67,3028
A,37,68,3029
A,37,69,3030
A,37,70,3031
A,37,71,3032
A,37,72,3033
A,37,73,3034
A,37,74,3035
A,37,75,3036
A,37,76,3037
A,37,77,3038
A,37,78,3039
A,37,79,3040
A,38,0,3041
A,38,1,3042
A,38,2,3043
A,38,3,3044
A,38,4,3045
A,38,5,3046
A,38,6,3047
A,38,7,3048
A,38,8,3049
A,38,9,3050
A,38,10,3051
A,38,11,3052
A,38,12,3053
A,38,13,3054
A,38,14,3055
A,38,15,3056
A,38,16,3057
A,38,17,3058
A,38,18,3059
A,38,19,3060
A,38,20,3061
A,38,21,3062
A,38,22,3063
A,38,23,3064
A,38,24,3065
A,38,25,3066
A,38,26,3067
A,38,27,3068
A,38,28,3069
A,38,29,3070
A,38,30,3071
A,38,31,3072
A,38,32,3073
A,38,33,3074
A,38,34,3075
A,38,35,3076
A,38,36,3077
A,38,37,3078
A,38,38,3079
A,38,39,3080
A,38,40,3081
A,38,41,3082
A,38,42,3083
A,38,43,3084
A,38,44,3085
A,38,45,3086
A,38,46,3087
A,38,47,3088
A,38,48,3089
A,38,49,3090
A,38,50,3091
A,38,51,3092
A,38,52,3093
A,38,53,3094
A,38,54,3095
A,38,55,3096
A,38,56,3097
A,38,57,3098
A,38,58,3099
A,38,59,3100
A,38,60,3101
A,38,61,3102
A,38,62,3103
A,38,63,3104
A,38,64,3105
A,38,65,3106
A,38,66,3107
A,38,67,3108
A,38,68,3109
A,38,69,3110
A,38,70,3111
A,38,71,3112
A,38,72,3113
A,38,73,3114
A,38,74,3115
A,38,75,3116
A,38,76,3117
A,38,77,3118
A,38,78,3119
A,38,79,3120
A,39,0,3121
A,39,1,3122
A,39,2,3123
A,39,3,3124
A,39,4,3125
A,39,5,3126
A,39,6,3127
A,39,7,3128
A,39,8,3129
A,39,9,3130
A,39,10,3131
A,39,11,3132
A,39,12,3133
A,39,13,3134
A,39,14,3135
A,39,15,3136
A,39,16,3137
A,39,17,3138
A,39,18,3139
A,39,19,3140
A,39,20,3141
A,39,21,3142
A,39,22,3143
A,39,23,3144
A,39,24,3145
A,39,25,3146
A,39,26,3147
A,39,27,3148
A,39,28,3149
A,39,29,3150
A,39,30,3151
A,39,31,3152
A,39,32,3153
A,39,33,3154
A,39,34,3155
A,39,35,3156
A,39,36,3157
A,39,37,3158
A,39,38,3159
A,39,39,3160
A,39,40,3161
A,39,41,3162
A,39,42,3163
A,39,43,3164
A,39,44,3165
A,39,45,3166
A,39,46,3167
A,39,47,3168
A,39,48,3169
A,39,49,3170
A,39,50,3171
A,39,51,3172
A,39,52,3173
A,39,53,3174
A,39,54,3175
A,39,55,3176
A,39,56,3177
A,39,57,3178
A,39,58,3179
A,39,59,3180
A,39,60,3181
A,39,61,3182
A,39,62,3183
A,39,63,3184
A,39,64,3185
A,39,65,3186
A,39,66,3187
A,39,67,3188
A,39,68,3189
A,39,69,3190
A,39,70,3191
A,39,71,3192
A,39,72,3193
A,39,73,3194
A,39,74,3195
A,39,75,3196
A,39,76,3197
A,39,77,3198
A,39,78,3199
A,39,79,3200
B,0,0,2400
B,0,1,2399
B,0,2,2398
B,0,3,2397
B,0,4,2396
B,0,5,2395
B,0,6,2394
B,0,7,2393
B,0,8,2392
B,0,9,2391
B,0,10,2390
B,0,11,2389
B,0,12,2388
B,0,13,2387
B,0,14,2386
B,0,15,2385
B,0,16,2384
B,0,17,2383
B,0,18,2382
B,0,19,2381
B,0,20,2380
B,0,21,2379
B,0,22,2378
B,0,23,2377
B,0,24,2376
B,0,25,2375
B,0,26,2374
B,0,27,2373
B,0,28,2372
B,0,29,2371
B,0,30,2370
B,0,31,2369
B,0,32,2368
B,0,33,2367
B,0,34,2366
B,0,35,2365
B,0,36,2364
B,0,37,2363
B,0,38,2362
B,0,39,2361
B,1,0,2360
B,1,1,2359
B,1,2,2358
B,1,3,2357
B,1,4,2356
B,1,5,2355
B,1,6,2354
B,1,7,2353
B,1,8,2352
B,1,9,2351
B,1,10,2350
B,1,11,2349
B,1,12,2348
B,1,13,2347
B,1,14,2346
B,1,15,2345
B,1,16,2344
B,1,17,2343
B,1,18,2342
B,1,19,2341
B,1,20,2340
B,1,21,2339
B,1,22,2338
B,1,23,2337
B,1,24,2336
B,1,25,2335
B,1,26,2334
B,1,27,2333
B,1,28,2332
B,1,29,2331
B,1,30,2330
B,1,31,2329
B,1,32,2328
B,1,33,2327
B,1,34,2326
B,1,35,2325
B,1,36,2324
B,1,37,2323
B,1,38,2322
B,1,39,2321
B,2,0,2320
B,2,1,2319
B,2,2,2318
B,2,3,2317
B,2,4,2316
B,2,5,2315
B,2,6,2314
B,2,7,2313
B,2,8,2312
B,2,9,2311
B,2,10,2310
B,2,11,2309
B,2,12,2308
B,2,13,2307
B,2,14,2306
B,2,15,2305
B,2,16,2304
B,2,17,2303
B,2,18,2302
B,2,19,2301
B,2,20,2300
B,2,21,2299
B,2,22,2298
B,2,23,2297
B,2,24,2296
B,2,25,2295
B,2,26,2294
B,2,27,2293
B,2,28,2292
B,2,29,2291
B,2,30,2290
B,2,31,2289
B,2,32,2288
B,2,33,2287
B,2,34,2286
B,2,35,2285
B,2,36,2284
B,2,37,2283
B,2,38,2282
B,2,39,2281
B,3,0,2280
B,3,1,2279
B,3,2,2278
B,3,3,2277
B,3,4,2276
B,3,5,2275
B,3,6,2274
B,3,7,2273
B,3,8,2272
B,3,9,2271
B,3,10,2270
B,3,11,2269
B,3,12,2268
B,3,13,2267
B,3,14,2266
B,3,15,2265
B,3,16,2264
B,3,17,2263
B,3,18,2262
B,3,19,2261
B,3,20,2260
B,3,21,2259
B,3,22,2258
B,3,23,2257
B,3,24,2256
B,3,25,2255
B,3,26,2254
B,3,27,2253
B,3,28,2252
B,3,29,2251
B,3,30,2250
B,3,31,2249
B,3,32,2248
B,3,33,2247
B,3,34,2246
B,3,35,2245
B,3,36,2244
B,3,37,2243
B,3,38,2242
B,3,39,2241
B,4,0,2240
B,4,1,2239
B,4,2,2238
B,4,3,2237
B,4,4,2236
B,4,5,2235
B,4,6,2234
B,4,7,2233
B,4,8,2232
B,4,9,2231
B,4,10,2230
B,4,11,2229
B,4,12,2228
B,4,13,2227
B,4,14,2226
B,4,15,2225
B,4,16,2224
B,4,17,2223
B,4,18,2222
B,4,19,2221
B,4,20,2220
B,4,21,2219
B,4,22,2218
B,4,23,2217
B,4,24,2216
B,4,25,2215
B,4,26,2214
B,4,27,2213
B,4,28,2212
B,4,29,2211
B,4,30,2210
B,4,31,2209
B,4,32,2208
B,4,33,2207
B,4,34,2206
B,4,35,2205
B,4,36,2204
B,4,37,2203
B,4,38,2202
B,4,39,2201
B,5,0,2200
B,5,1,2199
B,5,2,2198
B,5,3,2197
B,5,4,2196
B,5,5,2195
B,5,6,2194
B,5,7,2193
B,5,8,2192
B,5,9,2191
B,5,10,2190
B,5,11,2189
B,5,12,2188
B,5,13,2187
B,5,14,2186
B,5,15,2185
B,5,16,2184
B,5,17,2183
B,5,18,2182
B,5,19,2181
B,5,20,2180
B,5,21,2179
B,5,22,2178
B,5,23,2177
B,5,24,2176
B,5,25,2175
B,5,26,2174
B,5,27,2173
B,5,28,2172
B,5,29,2171
B,5,30,2170
B,5,31,2169
B,5,32,2168
B,5,33,2167
B,5,34,2166
B,5,35,2165
B,5,36,2164
B,5,37,2163
B,5,38,2162
B,5,39,2161
B,6,0,2160
B,6,1,2159
B,6,2,2158
B,6,3,2157
B,6,4,2156
B,6,5,2155
B,6,6,2154
B,6,7,2153
B,6,8,2152
B,6,9,2151
B,6,10,2150
B,6,11,2149
B,6,12,2148
B,6,13,2147
B,6,14,2146
B,6,15,2145
B,6,16,2144
B,6,17,2143
B,6,18,2142
B,6,19,2141
B,6,20,2140
B,6,21,2139
B,6,22,2138
B,6,23,2137
B,6,24,2136
B,6,25,2135
B,6,26,2134
B,6,27,2133
B,6,28,2132
B,6,29,2131
B,6,30,2130
B,6,31,2129
B,6,32,2128
B,6,33,2127
B,6,34,2126
B,6,35,2125
B,6,36,2124
B,6,37,2123
B,6,38,2122
B,6,39,2121
B,7,0,2120
B,7,1,2119
B,7,2,2118
B,7,3,2117
B,7,4,2116
B,7,5,2115
B,7,6,2114
B,7,7,2113
B,7,8,2112
B,7,9,2111
B,7,10,2110
B,7,11,2109
B,7,12,2108
B,7,13,2107
B,7,14,2106
B,7,15,2105
B,7,16,2104
B,7,17,2103
B,7,18,2102
B,7,19,2101
B,7,20,2100
B,7,21,2099
B,7,22,2098
B,7,23,2097
B,7,24,2096
B,7,25,2095
B,7,26,2094
B,7,27,2093
B,7,28,2092
B,7,29,2091
B,7,30,2090
B,7,31,2089
B,7,32,2088
B,7,33,2087
B,7,34,2086
B,7,35,2085
B,7,36,2084
B,7,37,2083
B,7,38,2082
B,7,39,2081
B,8,0,2080
B,8,1,2079
B,8,2,2078
B,8,3,2077
B,8,4,2076
B,8,5,2075
B,8,6,2074
B,8,7,2073
B,8,8,2072
B,8,9,2071
B,8,10,2070
B,8,11,2069
B,8,12,2068
B,8,13,2067
B,8,14,2066
B,8,15,2065
B,8,16,2064
B,8,17,2063
B,8,18,2062
B,8,19,2061
B,8,20,2060
B,8,21,2059
B,8,22,2058
B,8,23,2057
B,8,24,2056
B,8,25,2055
B,8,26,2054
B,8,27,2053
B,8,28,2052
B,8,29,2051
B,8,30,2050
B,8,31,2049
B,8,32,2048
B,8,33,2047
B,8,34,2046
B,8,35,2045
B,8,36,2044
B,8,37,2043
B,8,38,2042
B,8,39,2041
B,9,0,2040
B,9,1,2039
B,9,2,2038
B,9,3,2037
B,9,4,2036
B,9,5,2035
B,9,6,2034
B,9,7,2033
B,9,8,2032
B,9,9,2031
B,9,10,2030
B,9,11,2029
B,9,12,2028
B,9,13,2027
B,9,14,2026
B,9,15,2025
B,9,16,2024
B,9,17,2023
B,9,18,2022
B,9,19,2021
B,9,20,2020
B,9,21,2019
B,9,22,2018
B,9,23,2017
B,9,24,2016
B,9,25,2015
B,9,26,2014
B,9,27,2013
B,9,28,2012
B,9,29,2011
B,9,30,2010
B,9,31,2009
B,9,32,2008
B,9,33,2007
B,9,34,2006
B,9,35,2005
B,9,36,2004
B,9,37,2003
B,9,38,2002
B,9,39,2001
B,10,0,2000
B,10,1,1999
B,10,2,1998
B,10,3,1997
B,10,4,1996
B,10,5,1995
B,10,6,1994
B,10,7,1993
B,10,8,1992
B,10,9,1991
B,10,10,1990
B,10,11,1989
B,10,12,1988
B,10,13,1987
B,10,14,1986
B,10,15,1985
B,10,16,1984
B,10,17,1983
B,10,18,1982
B,10,19,1981
B,10,20,1980
B,10,21,1979
B,10,22,1978
B,10,23,1977
B,10,24,1976
B,10,25,1975
B,10,26,1974
B,10,27,1973
B,10,28,1972
B,10,29,1971
B,10,30,1970
B,10,31,1969
B,10,32,1968
B,10,33,1967
B,10,34,1966
B,10,35,1965
B,10,36,1964
B,10,37,1963
B,10,38,1962
B,10,39,1961
B,11,0,1960
B,11,1,1959
B,11,2,1958
B,11,3,1957
B,11,4,1956
B,11,5,1955
B,11,6,1954
B,11,7,1953
B,11,8,1952
B,11,9,1951
B,11,10,1950
B,11,11,1949
B,11,12,1948
B,11,13,1947
B,11,14,1946
B,11,15,1945
B,11,16,1944
B,11,17,1943
B,11,18,1942
B,11,19,1941
B,11,20,1940
B,11,21,1939
B,11,22,1938
B,11,23,1937
B,11,24,1936
B,11,25,1935
B,11,26,1934
B,11,27,1933
B,11,28,1932
B,11,29,1931
B,11,30,1930
B,11,31,1929
B,11,32,1928
B,11,33,1927
B,11,34,1926
B,11,35,1925
B,11,36,1924
B,11,37,1923
B,11,38,1922
B,11,39,1921
B,12,0,1920
B,12,1,1919
B,12,2,1918
B,12,3,1917
B,12,4,1916
B,12,5,1915
B,12,6,1914
B,12,7,1913
B,12,8,1912
B,12,9,1911
B,12,10,1910
B,12,11,1909
B,12,12,1908
B,12,13,1907
B,12,14,1906
B,12,15,1905
B,12,16,1904
B,12,17,1903
B,12,18,1902
B,12,19,1901
B,12,20,1900
B,12,21,1899
B,12,22,1898
B,12,23,1897
B,12,24,1896
B,12,25,1895
B,12,26,1894
B,12,27,1893
B,12,28,1892
B,12,29,1891
B,12,30,1890
B,12,31,1889
B,12,32,1888
B,12,33,1887
B,12,34,1886
B,12,35,1885
B,12,36,1884
B,12,37,1883
B,12,38,1882
B,12,39,1881
B,13,0,1880
B,13,1,1879
B,13,2,1878
B,13,3,1877
B,13,4,1876
B,13,5,1875
B,13,6,1874
B,13,7,1873
B,13,8,1872
B,13,9,1871
B,13,10,1870
B,13,11,1869
B,13,12,1868
B,13,13,1867
B,13,14,1866
B,13,15,1865
B,13,16,1864
B,13,17,1863
B,13,18,1862
B,13,19,1861
B,13,20,1860
B,13,21,1859
B,13,22,1858
B,13,23,1857
B,13,24,1856
B,13,25,1855
B,13,26,1854
B,13,27,1853
B,13,28,1852
B,13,29,1851
B,13,30,1850
B,13,31,1849
B,13,32,1848
B,13,33,1847
B,13,34,1846
B,13,35,1845
B,13,36,1844
B,13,37,1843
B,13,38,1842
B,13,39,1841
B,14,0,1840
B,14,1,1839
B,14,2,1838
B,14,3,1837
B,14,4,1836
B,14,5,1835
B,14,6,1834
B,14,7,1833
B,14,8,1832
B,14,9,1831
B,14,10,1830
B,14,11,1829
B,14,12,1828
B,14,13,1827
B,14,14,1826
B,14,15,1825
B,14,16,1824
B,14,17,1823
B,14,18,1822
B,14,19,1821
B,14,20,1820
B,14,21,1819
B,14,22,1818
B,14,23,1817
B,14,24,1816
B,14,25,1815
B,14,26,1814
B,14,27,1813
B,14,28,1812
B,14,29,1811
B,14,30,1810
B,14,31,1809
B,14,32,1808
B,14,33,1807
B,14,34,1806
B,14,35,1805
B,14,36,1804
B,14,37,1803
B,14,38,1802
B,14,39,1801
B,15,0,1800
B,15,1,1799
B,15,2,1798
B,15,3,1797
B,15,4,1796
B,15,5,1795
B,15,6,1794
B,15,7,1793
B,15,8,1792
B,15,9,1791
B,15,10,1790
B,15,11,1789
B,15,12,1788
B,15,13,1787
B,15,14,1786
B,15,15,1785
B,15,16,1784
B,15,17,1783
B,15,18,1782
B,15,19,1781
B,15,20,1780
B,15,21,1779
B,15,22,1778
B,15,23,1777
B,15,24,1776
B,15,25,1775
B,15,26,1774
B,15,27,1773
B,15,28,1772
B,15,29,1771
B,15,30,1770
B,15,31,1769
B,15,32,1768
B,15,33,1767
B,15,34,1766
B,15,35,1765
B,15,36,1764
B,15,37,1763
B,15,38,1762
B,15,39,1761
B,16,0,1760
B,16,1,1759
B,16,2,1758
B,16,3,1757
B,16,4,1756
B,16,5,1755
B,16,6,1754
B,16,7,1753
B,16,8,1752
B,16,9,1751
B,16,10,1750
B,16,11,1749
B,16,12,1748
B,16,13,1747
B,16,14,1746
B,16,15,1745
B,16,16,1744
B,16,17,1743
B,16,18,1742
B,16,19,1741
B,16,20,1740
B,16,21,1739
B,16,22,1738
B,16,23,1737
B,16,24,1736
B,16,25,1735
B,16,26,1734
B,16,27,1733
B,16,28,1732
B,16,29,1731
B,16,30,1730
B,16,31,1729
B,16,32,1728
B,16,33,1727
B,16,34,1726
B,16,35,1725
B,16,36,1724
B,16,37,1723
B,16,38,1722
B,16,39,1721
B,17,0,1720
B,17,1,1719
B,17,2,1718
B,17,3,1717
B,17,4,1716
B,17,5,1715
B,17,6,1714
B,17,7,1713
B,17,8,1712
B,17,9,1711
B,17,10,1710
B,17,11,1709
B,17,12,1708
B,17,13,1707
B,17,14,1706
B,17,15,1705
B,17,16,1704
B,17,17,1703
B,17,18,1702
B,17,19,1701
B,17,20,1700
B,17,21,1699
B,17,22,1698
B,17,23,1697
B,17,24,1696
B,17,25,1695
B,17,26,1694
B,17,27,1693
B,17,28,1692
B,17,29,1691
B,17,30,1690
B,17,31,1689
B,17,32,1688
B,17,33,1687
B,17,34,1686
B,17,35,1685
B,17,36,1684
B,17,37,1683
B,17,38,1682
B,17,39,1681
B,18,0,1680
B,18,1,1679
B,18,2,1678
B,18,3,1677
B,18,4,1676
B,18,5,1675
B,18,6,1674
B,18,7,1673
B,18,8,1672
B,18,9,1671
B,18,10,1670
B,18,11,1669
B,18,12,1668
B,18,13,1667
B,18,14,1666
B,18,15,1665
B,18,16,1664
B,18,17,1663
B,18,18,1662
B,18,19,1661
B,18,20,1660
B,18,21,1659
B,18,22,1658
B,18,23,1657
B,18,24,1656
B,18,25,1655
B,18,26,1654
B,18,27,1653
B,18,28,1652
B,18,29,1651
B,18,30,1650
B,18,31,1649
B,18,32,1648
B,18,33,1647
B,18,34,1646
B,18,35,1645
B,18,36,1644
B,18,37,1643
B,18,38,1642
B,18,39,1641
B,19,0,1640
B,19,1,1639
B,19,2,1638
B,19,3,1637
B,19,4,1636
B,19,5,1635
B,19,6,1634
B,19,7,1633
B,19,8,1632
B,19,9,1631
B,19,10,1630
B,19,11,1629
B,19,12,1628
B,19,13,1627
B,19,14,1626
B,19,15,1625
B,19,16,1624
B,19,17,1623
B,19,18,1622
B,19,19,1621
B,19,20,1620
B,19,21,1619
B,19,22,1618
B,19,23,1617
B,19,24,1616
B,19,25,1615
B,19,26,1614
B,19,27,1613
B,19,28,1612
B,19,29,1611
B,19,30,1610
B,19,31,1609
B,19,32,1608
B,19,33,1607
B,19,34,1606
B,19,35,1605
B,19,36,1604
B,19,37,1603
B,19,38,1602
B,19,39,1601
B,20,0,1600
B,20,1,1599
B,20,2,1598
B,20,3,1597
B,20,4,1596
B,20,5,1595
B,20,6,1594
B,20,7,1593
B,20,8,1592
B,20,9,1591
B,20,10,1590
B,20,11,1589
B,20,12,1588
B,20,13,1587
B,20,14,1586
B,20,15,1585
B,20,16,1584
B,20,17,1583
B,20,18,1582
B,20,19,1581
B,20,20,1580
B,20,21,1579
B,20,22,1578
B,20,23,1577
B,20,24,1576
B,20,25,1575
B,20,26,1574
B,20,27,1573
B,20,28,1572
B,20,29,1571
B,20,30,1570
B,20,31,1569
B,20,32,1568
B,20,33,1567
B,20,34,1566
B,20,35,1565
B,20,36,1564
B,20,37,1563
B,20,38,1562
B,20,39,1561
B,21,0,1560
B,21,1,1559
B,21,2,1558
B,21,3,1557
B,21,4,1556
B,21,5,1555
B,21,6,1554
B,21,7,1553
B,21,8,1552
B,21,9,1551
B,21,10,1550
B,21,11,1549
B,21,12,1548
B,21,13,1547
B,21,14,1546
B,21,15,1545
B,21,16,1544
B,21,17,1543
B,21,18,1542
B,21,19,1541
B,21,20,1540
B,21,21,1539
B,21,22,1538
B,21,23,1537
B,21,24,1536
B,21,25,1535
B,21,26,1534
B,21,27,1533
B,21,28,1532
B,21,29,1531
B,21,30,1530
B,21,31,1529
B,21,32,1528
B,21,33,1527
B,21,34,1526
B,21,35,1525
B,21,36,1524
B,21,37,1523
B,21,38,1522
B,21,39,1521
B,22,0,1520
B,22,1,1519
B,22,2,1518
B,22,3,1517
B,22,4,1516
B,22,5,1515
B,22,6,1514
B,22,7,1513
B,22,8,1512
B,22,9,1511
B,22,10,1510
B,22,11,1509
B,22,12,1508
B,22,13,1507
B,22,14,1506
B,22,15,1505
B,22,16,1504
B,22,17,1503
B,22,18,1502
B,22,19,1501
B,22,20,1500
B,22,21,1499
B,22,22,1498
B,22,23,1497
B,22,24,1496
B,22,25,1495
B,22,26,1494
B,22,27,1493
B,22,28,1492
B,22,29,1491
B,22,30,1490
B,22,31,1489
B,22,32,1488
B,22,33,1487
B,22,34,1486
B,22,35,1485
B,22,36,1484
B,22,37,1483
B,22,38,1482
B,22,39,1481
B,23,0,1480
B,23,1,1479
B,23,2,1478
B,23,3,1477
B,23,4,1476
B,23,5,1475
B,23,6,1474
B,23,7,1473
B,23,8,1472
B,23,9,1471
B,23,10,1470
B,23,11,1469
B,23,12,1468
B,23,13,1467
B,23,14,1466
B,23,15,1465
B,23,16,1464
B,23,17,1463
B,23,18,1462
B,23,19,1461
B,23,20,1460
B,23,21,1459
B,23,22,1458
B,23,23,1457
B,23,24,1456
B,23,25,1455
B,23,26,1454
B,23,27,1453
B,23,28,1452
B,23,29,1451
B,23,30,1450
B,23,31,1449
B,23,32,1448
B,23,33,1447
B,23,34,1446
B,23,35,1445
B,23,36,1444
B,23,37,1443
B,23,38,1442
B,23,39,1441
B,24,0,1440
B,24,1,1439
B,24,2,1438
B,24,3,1437
B,24,4,1436
B,24,5,1435
B,24,6,1434
B,24,7,1433
B,24,8,1432
B,24,9,1431
B,24,10,1430
B,24,11,1429
B,24,12,1428
B,24,13,1427
B,24,14,1426
B,24,15,1425
B,24,16,1424
B,24,17,1423
B,24,18,1422
B,24,19,1421
B,24,20,1420
B,24,21,1419
B,24,22,1418
B,24,23,1417
B,24,24,1416
B,24,25,1415
B,24,26,1414
B,24,27,1413
B,24,28,1412
B,24,29,1411
B,24,30,1410
B,24,31,1409
B,24,32,1408
B,24,33,1407
B,24,34,1406
B,24,35,1405
B,24,36,1404
B,24,37,1403
B,24,38,1402
B,24,39,1401
B,25,0,1400
B,25,1,1399
B,25,2,1398
B,25,3,1397
B,25,4,1396
B,25,5,1395
B,25,6,1394
B,25,7,1393
B,25,8,1392
B,25,9,1391
B,25,10,1390
B,25,11,1389
B,25,12,1388
B,25,13,1387
B,25,14,1386
B,25,15,1385
B,25,16,1384
B,25,17,1383
B,25,18,1382
B,25,19,1381
B,25,20,1380
B,25,21,1379
B,25,22,1378
B,25,23,1377
B,25,24,1376
B,25,25,1375
B,25,26,1374
B,25,27,1373
B,25,28,1372
B,25,29,1371
B,25,30,1370
B,25,31,1369
B,25,32,1368
B,25,33,1367
B,25,34,1366
B,25,35,1365
B,25,36,1364
B,25,37,1363
B,25,38,1362
B,25,39,1361
B,26,0,1360
B,26,1,1359
B,26,2,1358
B,26,3,1357
B,26,4,1356
B,26,5,1355
B,26,6,1354
B,26,7,1353
B,26,8,1352
B,26,9,1351
B,26,10,1350
B,26,11,1349
B,26,12,1348
B,26,13,1347
B,26,14,1346
B,26,15,1345
B,26,16,1344
B,26,17,1343
B,26,18,1342
B,26,19,1341
B,26,20,1340
B,26,21,1339
B,26,22,1338
B,26,23,1337
B,26,24,1336
B,26,25,1335
B,26,26,1334
B,26,27,1333
B,26,28,1332
B,26,29,1331
B,26,30,1330
B,26,31,1329
B,26,32,1328
B,26,33,1327
B,26,34,1326
B,26,35,1325
B,26,36,1324
B,26,37,1323
B,26,38,1322
B,26,39,1321
B,27,0,1320
B,27,1,1319
B,27,2,1318
B,27,3,1317
B,27,4,1316
B,27,5,1315
B,27,6,1314
B,27,7,1313
B,27,8,1312
B,27,9,1311
B,27,10,1310
B,27,11,1309
B,27,12,1308
B,27,13,1307
B,27,14,1306
B,27,15,1305
B,27,16,1304
B,27,17,1303
B,27,18,1302
B,27,19,1301
B,27,20,1300
B,27,21,1299
B,27,22,1298
B,27,23,1297
B,27,24,1296
B,27,25,1295
B,27,26,1294
B,27,27,1293
B,27,28,1292
B,27,29,1291
B,27,30,1290
B,27,31,1289
B,27,32,1288
B,27,33,1287
B,27,34,1286
B,27,35,1285
B,27,36,1284
B,27,37,1283
B,27,38,1282
B,27,39,1281
B,28,0,1280
B,28,1,1279
B,28,2,1278
B,28,3,1277
B,28,4,1276
B,28,5,1275
B,28,6,1274
B,28,7,1273
B,28,8,1272
B,28,9,1271
B,28,10,1270
B,28,11,1269
B,28,12,1268
B,28,13,1267
B,28,14,1266
B,28,15,1265
B,28,16,1264
B,28,17,1263
B,28,18,1262
B,28,19,1261
B,28,20,1260
B,28,21,1259
B,28,22,1258
B,28,23,1257
B,28,24,1256
B,28,25,1255
B,28,26,1254
B,28,27,1253
B,28,28,1252
B,28,29,1251
B,28,30,1250
B,28,31,1249
B,28,32,1248
B,28,33,1247
B,28,34,1246
B,28,35,1245
B,28,36,1244
B,28,37,1243
B,28,38,1242
B,28,39,1241
B,29,0,1240
B,29,1,1239
B,29,2,1238
B,29,3,1237
B,29,4,1236
B,29,5,1235
B,29,6,1234
B,29,7,1233
B,29,8,1232
B,29,9,1231
B,29,10,1230
B,29,11,1229
B,29,12,1228
B,29,13,1227
B,29,14,1226
B,29,15,1225
B,29,16,1224
B,29,17,1223
B,29,18,1222
B,29,19,1221
B,29,20,1220
B,29,21,1219
B,29,22,1218
B,29,23,1217
B,29,24,1216
B,29,25,1215
B,29,26,1214
B,29,27,1213
B,29,28,1212
B,29,29,1211
B,29,30,1210
B,29,31,1209
B,29,32,1208
B,29,33,1207
B,29,34,1206
B,29,35,1205
B,29,36,1204
B,29,37,1203
B,29,38,1202
B,29,39,1201
B,30,0,1200
B,30,1,1199
B,30,2,1198
B,30,3,1197
B,30,4,1196
B,30,5,1195
B,30,6,1194
B,30,7,1193
B,30,8,1192
B,30,9,1191
B,30,10,1190
B,30,11,1189
B,30,12,1188
B,30,13,1187
B,30,14,1186
B,30,15,1185
B,30,16,1184
B,30,17,1183
B,30,18,1182
B,30,19,1181
B,30,20,1180
B,30,21,1179
B,30,22,1178
B,30,23,1177
B,30,24,1176
B,30,25,1175
B,30,26,1174
B,30,27,1173
B,30,28,1172
B,30,29,1171
B,30,30,1170
B,30,31,1169
B,30,32,1168
B,30,33,1167
B,30,34,1166
B,30,35,1165
B,30,36,1164
B,30,37,1163
B,30,38,1162
B,30,39,1161
B,31,0,1160
B,31,1,1159
B,31,2,1158
B,31,3,1157
B,31,4,1156
B,31,5,1155
B,31,6,1154
B,31,7,1153
B,31,8,1152
B,31,9,1151
B,31,10,1150
B,31,11,1149
B,31,12,1148
B,31,13,1147
B,31,14,1146
B,31,15,1145
B,31,16,1144
B,31,17,1143
B,31,18,1142
B,31,19,1141
B,31,20,1140
B,31,21,1139
B,31,22,1138
B,31,23,1137
B,31,24,1136
B,31,25,1135
B,31,26,1134
B,31,27,1133
B,31,28,1132
B,31,29,1131
B,31,30,1130
B,31,31,1129
B,31,32,1128
B,31,33,1127
B,31,34,1126
B,31,35,1125
B,31,36,1124
B,31,37,1123
B,31,38,1122
B,31,39,1121
B,32,0,1120
B,32,1,1119
B,32,2,1118
B,32,3,1117
B,32,4,1116
B,32,5,1115
B,32,6,1114
B,32,7,1113
B,32,8,1112
B,32,9,1111
B,32,10,1110
B,32,11,1109
B,32,12,1108
B,32,13,1107
B,32,14,1106
B,32,15,1105
B,32,16,1104
B,32,17,1103
B,32,18,1102
B,32,19,1101
B,32,20,1100
B,32,21,1099
B,32,22,1098
B,32,23,1097
B,32,24,1096
B,32,25,1095
B,32,26,1094
B,32,27,1093
B,32,28,1092
B,32,29,1091
B,32,30,1090
B,32,31,1089
B,32,32,1088
B,32,33,1087
B,32,34,1086
B,32,35,1085
B,32,36,1084
B,32,37,1083
B,32,38,1082
B,32,39,1081
B,33,0,1080
B,33,1,1079
B,33,2,1078
B,33,3,1077
B,33,4,1076
B,33,5,1075
B,33,6,1074
B,33,7,1073
B,33,8,1072
B,33,9,1071
B,33,10,1070
B,33,11,1069
B,33,12,1068
B,33,13,1067
B,33,14,1066
B,33,15,1065
B,33,16,1064
B,33,17,1063
B,33,18,1062
B,33,19,1061
B,33,20,1060
B,33,21,1059
B,33,22,1058
B,33,23,1057
B,33,24,1056
B,33,25,1055
B,33,26,1054
B,33,27,1053
B,33,28,1052
B,33,29,1051
B,33,30,1050
B,33,31,1049
B,33,32,1048
B,33,33,1047
B,33,34,1046
B,33,35,1045
B,33,36,1044
B,33,37,1043
B,33,38,1042
B,33,39,1041
B,34,0,1040
B,34,1,1039
B,34,2,1038
B,34,3,1037
B,34,4,1036
B,34,5,1035
B,34,6,1034
B,34,7,1033
B,34,8,1032
B,34,9,1031
B,34,10,1030
B,34,11,1029
B,34,12,1028
B,34,13,1027
B,34,14,1026
B,34,15,1025
B,34,16,1024
B,34,17,1023
B,34,18,1022
B,34,19,1021
B,34,20,1020
B,34,21,1019
B,34,22,1018
B,34,23,1017
B,34,24,1016
B,34,25,1015
B,34,26,1014
B,34,27,1013
B,34,28,1012
B,34,29,1011
B,34,30,1010
B,34,31,1009
B,34,32,1008
B,34,33,1007
B,34,34,1006
B,34,35,1005
B,34,36,1004
B,34,37,1003
B,34,38,1002
B,34,39,1001
B,35,0,1000
B,35,1,999
B,35,2,998
B,35,3,997
B,35,4,996
B,35,5,995
B,35,6,994
B,35,7,993
B,35,8,992
B,35,9,991
B,35,10,990
B,35,11,989
B,35,12,988
B,35,13,987
B,35,14,986
B,35,15,985
B,35,16,984
B,35,17,983
B,35,18,982
B,35,19,981
B,35,20,980
B,35,21,979
B,35,22,978
B,35,23,977
B,35,24,976
B,35,25,975
B,35,26,974
B,35,27,973
B,35,28,972
B,35,29,971
B,35,30,970
B,35,31,969
B,35,32,968
B,35,33,967
B,35,34,966
B,35,35,965
B,35,36,964
B,35,37,963
B,35,38,962
B,35,39,961
B,36,0,960
B,36,1,959
B,36,2,958
B,36,3,957
B,36,4,956
B,36,5,955
B,36,6,954
B,36,7,953
B,36,8,952
B,36,9,951
B,36,10,950
B,36,11,949
B,36,12,948
B,36,13,947
B,36,14,946
B,36,15,945
B,36,16,944
B,36,17,943
B,36,18,942
B,36,19,941
B,36,20,940
B,36,21,939
B,36,22,938
B,36,23,937
B,36,24,936
B,36,25,935
B,36,26,934
B,36,27,933
B,36,28,932
B,36,29,931
B,36,30,930
B,36,31,929
B,36,32,928
B,36,33,927
B,36,34,926
B,36,35,925
B,36,36,924
B,36,37,923
B,36,38,922
B,36,39,921
B,37,0,920
B,37,1,919
B,37,2,918
B,37,3,917
B,37,4,916
B,37,5,915
B,37,6,914
B,37,7,913
B,37,8,912
B,37,9,911
B,37,10,910
B,37,11,909
B,37,12,908
B,37,13,907
B,37,14,906
B,37,15,905
B,37,16,904
B,37,17,903
B,37,18,902
B,37,19,901
B,37,20,900
B,37,21,899
B,37,22,898
B,37,23,897
B,37,24,896
B,37,25,895
B,37,26,894
B,37,27,893
B,37,28,892
B,37,29,891
B,37,30,890
B,37,31,889
B,37,32,888
B,37,33,887
B,37,34,886
B,37,35,885
B,37,36,884
B,37,37,883
B,37,38,882
B,37,39,881
B,38,0,880
B,38,1,879
B,38,2,878
B,38,3,877
B,38,4,876
B,38,5,875
B,38,6,874
B,38,7,873
B,38,8,872
B,38,9,871
B,38,10,870
B,38,11,869
B,38,12,868
B,38,13,867
B,38,14,866
B,38,15,865
B,38,16,864
B,38,17,863
B,38,18,862
B,38,19,861
B,38,20,860
B,38,21,859
B,38,22,858
B,38,23,857
B,38,24,856
B,38,25,855
B,38,26,854
B,38,27,853
B,38,28,852
B,38,29,851
B,38,30,850
B,38,31,849
B,38,32,848
B,38,33,847
B,38,34,846
B,38,35,845
B,38,36,844
B,38,37,843
B,38,38,842
B,38,39,841
B,39,0,840
B,39,1,839
B,39,2,838
B,39,3,837
B,39,4,836
B,39,5,835
B,39,6,834
B,39,7,833
B,39,8,832
B,39,9,831
B,39,10,830
B,39,11,829
B,39,12,828
B,39,13,827
B,39,14,826
B,39,15,825
B,39,16,824
B,39,17,823
B,39,18,822
B,39,19,821
B,39,20,820
B,39,21,819
B,39,22,818
B,39,23,817
B,39,24,816
B,39,25,815
B,39,26,814
B,39,27,813
B,39,28,812
B,39,29,811
B,39,30,810
B,39,31,809
B,39,32,808
B,39,33,807
B,39,34,806
B,39,35,805
B,39,36,804
B,39,37,803
B,39,38,802
B,39,39,801
B,40,0,800
B,40,1,799
B,40,2,798
B,40,3,797
B,40,4,796
B,40,5,795
B,40,6,794
B,40,7,793
B,40,8,792
B,40,9,791
B,40,10,790
B,40,11,789
B,40,12,788
B,40,13,787
B,40,14,786
B,40,15,785
B,40,16,784
B,40,17,783
B,40,18,782
B,40,19,781
B,40,20,780
B,40,21,779
B,40,22,778
B,40,23,777
B,40,24,776
B,40,25,775
B,40,26,774
B,40,27,773
B,40,28,772
B,40,29,771
B,40,30,770
B,40,31,769
B,40,32,768
B,40,33,767
B,40,34,766
B,40,35,765
B,40,36,764
B,40,37,763
B,40,38,762
B,40,39,761
B,41,0,760
B,41,1,759
B,41,2,758
B,41,3,757
B,41,4,756
B,41,5,755
B,41,6,754
B,41,7,753
B,41,8,752
B,41,9,751
B,41,10,750
B,41,11,749
B,41,12,748
B,41,13,747
B,41,14,746
B,41,15,745
B,41,16,744
B,41,17,743
B,41,18,742
B,41,19,741
B,41,20,740
B,41,21,739
B,41,22,738
B,41,23,737
B,41,24,736
B,41,25,735
B,41,26,734
B,41,27,733
B,41,28,732
B,41,29,731
B,41,30,730
B,41,31,729
B,41,32,728
B,41,33,727
B,41,34,726
B,41,35,725
B,41,36,724
B,41,37,723
B,41,38,722
B,41,39,721
B,42,0,720
B,42,1,719
B,42,2,718
B,42,3,717
B,42,4,716
B,42,5,715
B,42,6,714
B,42,7,713
B,42,8,712
B,42,9,711
B,42,10,710
B,42,11,709
B,42,12,708
B,42,13,707
B,42,14,706
B,42,15,705
B,42,16,704
B,42,17,703
B,42,18,702
B,42,19,701
B,42,20,700
B,42,21,699
B,42,22,698
B,42,23,697
B,42,24,696
B,42,25,695
B,42,26,694
B,42,27,693
B,42,28,692
B,42,29,691
B,42,30,690
B,42,31,689
B,42,32,688
B,42,33,687
B,42,34,686
B,42,35,685
B,42,36,684
B,42,37,683
B,42,38,682
B,42,39,681
B,43,0,680
B,43,1,679
B,43,2,678
B,43,3,677
B,43,4,676
B,43,5,675
B,43,6,674
B,43,7,673
B,43,8,672
B,43,9,671
B,43,10,670
B,43,11,669
B,43,12,668
B,43,13,667
B,43,14,666
B,43,15,665
B,43,16,664
B,43,17,663
B,43,18,662
B,43,19,661
B,43,20,660
B,43,21,659
B,43,22,658
B,43,23,657
B,43,24,656
B,43,25,655
B,43,26,654
B,43,27,653
B,43,28,652
B,43,29,651
B,43,30,650
B,43,31,649
B,43,32,648
B,43,33,647
B,43,34,646
B,43,35,645
B,43,36,644
B,43,37,643
B,43,38,642
B,43,39,641
B,44,0,640
B,44,1,639
B,44,2,638
B,44,3,637
B,44,4,636
B,44,5,635
B,44,6,634
B,44,7,633
B,44,8,632
B,44,9,631
B,44,10,630
B,44,11,629
B,44,12,628
B,44,13,627
B,44,14,626
B,44,15,625
B,44,16,624
B,44,17,623
B,44,18,622
B,44,19,621
B,44,20,620
B,44,21,619
B,44,22,618
B,44,23,617
B,44,24,616
B,44,25,615
B,44,26,614
B,44,27,613
B,44,28,612
B,44,29,611
B,44,30,610
B,44,31,609
B,44,32,608
B,44,33,607
B,44,34,606
B,44,35,605
B,44,36,604
B,44,37,603
B,44,38,602
B,44,39,601
B,45,0,600
B,45,1,599
B,45,2,598
B,45,3,597
B,45,4,596
B,45,5,595
B,45,6,594
B,45,7,593
B,45,8,592
B,45,9,591
B,45,10,590
B,45,11,589
B,45,12,588
B,45,13,587
B,45,14,586
B,45,15,585
B,45,16,584
B,45,17,583
B,45,18,582
B,45,19,581
B,45,20,580
B,45,21,579
B,45,22,578
B,45,23,577
B,45,24,576
B,45,25,575
B,45,26,574
B,45,27,573
B,45,28,572
B,45,29,571
B,45,30,570
B,45,31,569
B,45,32,568
B,45,33,567
B,45,34,566
B,45,35,565
B,45,36,564
B,45,37,563
B,45,38,562
B,45,39,561
B,46,0,560
B,46,1,559
B,46,2,558
B,46,3,557
B,46,4,556
B,46,5,555
B,46,6,554
B,46,7,553
B,46,8,552
B,46,9,551
B,46,10,550
B,46,11,549
B,46,12,548
B,46,13,547
B,46,14,546
B,46,15,545
B,46,16,544
B,46,17,543
B,46,18,542
B,46,19,541
B,46,20,540
B,46,21,539
B,46,22,538
B,46,23,537
B,46,24,536
B,46,25,535
B,46,26,534
B,46,27,533
B,46,28,532
B,46,29,531
B,46,30,530
B,46,31,529
B,46,32,528
B,46,33,527
B,46,34,526
B,46,35,525
B,46,36,524
B,46,37,523
B,46,38,522
B,46,39,521
B,47,0,520
B,47,1,519
B,47,2,518
B,47,3,517
B,47,4,516
B,47,5,515
B,47,6,514
B,47,7,513
B,47,8,512
B,47,9,511
B,47,10,510
B,47,11,509
B,47,12,508
B,47,13,507
B,47,14,506
B,47,15,505
B,47,16,504
B,47,17,503
B,47,18,502
B,47,19,501
B,47,20,500
B,47,21,499
B,47,22,498
B,47,23,497
B,47,24,496
B,47,25,495
B,47,26,494
B,47,27,493
B,47,28,492
B,47,29,491
B,47,30,490
B,47,31,489
B,47,32,488
B,47,33,487
B,47,34,486
B,47,35,485
B,47,36,484
B,47,37,483
B,47,38,482
B,47,39,481
B,48,0,480
B,48,1,479
B,48,2,478
B,48,3,477
B,48,4,476
B,48,5,475
B,48,6,474
B,48,7,473
B,48,8,472
B,48,9,471
B,48,10,470
B,48,11,469
B,48,12,468
B,48,13,467
B,48,14,466
B,48,15,465
B,48,16,464
B,48,17,463
B,48,18,462
B,48,19,461
B,48,20,460
B,48,21,459
B,48,22,458
B,48,23,457
B,48,24,456
B,48,25,455
B,48,26,454
B,48,27,453
B,48,28,452
B,48,29,451
B,48,30,450
B,48,31,449
B,48,32,448
B,48,33,447
B,48,34,446
B,48,35,445
B,48,36,444
B,48,37,443
B,48,38,442
B,48,39,441
B,49,0,440
B,49,1,439
B,49,2,438
B,49,3,437
B,49,4,436
B,49,5,435
B,49,6,434
B,49,7,433
B,49,8,432
B,49,9,431
B,49,10,430
B,49,11,429
B,49,12,428
B,49,13,427
B,49,14,426
B,49,15,425
B,49,16,424
B,49,17,423
B,49,18,422
B,49,19,421
B,49,20,420
B,49,21,419
B,49,22,418
B,49,23,417
B,49,24,416
B,49,25,415
B,49,26,414
B,49,27,413
B,49,28,412
B,49,29,411
B,49,30,410
B,49,31,409
B,49,32,408
B,49,33,407
B,49,34,406
B,49,35,405
B,49,36,404
B,49,37,403
B,49,38,402
B,49,39,401
B,50,0,400
B,50,1,399
B,50,2,398
B,50,3,397
B,50,4,396
B,50,5,395
B,50,6,394
B,50,7,393
B,50,8,392
B,50,9,391
B,50,10,390
B,50,11,389
B,50,12,388
B,50,13,387
B,50,14,386
B,50,15,385
B,50,16,384
B,50,17,383
B,50,18,382
B,50,19,381
B,50,20,380
B,50,21,379
B,50,22,378
B,50,23,377
B,50,24,376
B,50,25,375
B,50,26,374
B,50,27,373
B,50,28,372
B,50,29,371
B,50,30,370
B,50,31,369
B,50,32,368
B,50,33,367
B,50,34,366
B,50,35,365
B,50,36,364
B,50,37,363
B,50,38,362
B,50,39,361
B,51,0,360
B,51,1,359
B,51,2,358
B,51,3,357
B,51,4,356
B,51,5,355
B,51,6,354
B,51,7,353
B,51,8,352
B,51,9,351
B,51,10,350
B,51,11,349
B,51,12,348
B,51,13,347
B,51,14,346
B,51,15,345
B,51,16,344
B,51,17,343
B,51,18,342
B,51,19,341
B,51,20,340
B,51,21,339
B,51,22,338
B,51,23,337
B,51,24,336
B,51,25,335
B,51,26,334
B,51,27,333
B,51,28,332
B,51,29,331
B,51,30,330
B,51,31,329
B,51,32,328
B,51,33,327
B,51,34,326
B,51,35,325
B,51,36,324
B,51,37,323
B,51,38,322
B,51,39,321
B,52,0,320
B,52,1,319
B,52,2,318
B,52,3,317
B,52,4,316
B,52,5,315
B,52,6,314
B,52,7,313
B,52,8,312
B,52,9,311
B,52,10,310
B,52,11,309
B,52,12,308
B,52,13,307
B,52,14,306
B,52,15,305
B,52,16,304
B,52,17,303
B,52,18,302
B,52,19,301
B,52,20,300
B,52,21,299
B,52,22,298
B,52,23,297
B,52,24,296
B,52,25,295
B,52,26,294
B,52,27,293
B,52,28,292
B,52,29,291
B,52,30,290
B,52,31,289
B,52,32,288
B,52,33,287
B,52,34,286
B,52,35,285
B,52,36,284
B,52,37,283
B,52,38,282
B,52,39,281
B,53,0,280
B,53,1,279
B,53,2,278
B,53,3,277
B,53,4,276
B,53,5,275
B,53,6,274
B,53,7,273
B,53,8,272
B,53,9,271
B,53,10,270
B,53,11,269
B,53,12,268
B,53,13,267
B,53,14,266
B,53,15,265
B,53,16,264
B,53,17,263
B,53,18,262
B,53,19,261
B,53,20,260
B,53,21,259
B,53,22,258
B,53,23,257
B,53,24,256
B,53,25,255
B,53,26,254
B,53,27,253
B,53,28,252
B,53,29,251
B,53,30,250
B,53,31,249
B,53,32,248
B,53,33,247
B,53,34,246
B,53,35,245
B,53,36,244
B,53,37,243
B,53,38,242
B,53,39,241
B,54,0,240
B,54,1,239
B,54,2,238
B,54,3,237
B,54,4,236
B,54,5,235
B,54,6,234
B,54,7,233
B,54,8,232
B,54,9,231
B,54,10,230
B,54,11,229
B,54,12,228
B,54,13,227
B,54,14,226
B,54,15,225
B,54,16,224
B,54,17,223
B,54,18,222
B,54,19,221
B,54,20,220
B,54,21,219
B,54,22,218
B,54,23,217
B,54,24,216
B,54,25,215
B,54,26,214
B,54,27,213
B,54,28,212
B,54,29,211
B,54,30,210
B,54,31,209
B,54,32,208
B,54,33,207
B,54,34,206
B,54,35,205
B,54,36,204
B,54,37,203
B,54,38,202
B,54,39,201
B,55,0,200
B,55,1,199
B,55,2,198
B,55,3,197
B,55,4,196
B,55,5,195
B,55,6,194
B,55,7,193
B,55,8,192
B,55,9,191
B,55,10,190
B,55,11,189
B,55,12,188
B,55,13,187
B,55,14,186
B,55,15,185
B,55,16,184
B,55,17,183
B,55,18,182
B,55,19,181
B,55,20,180
B,55,21,179
B,55,22,178
B,55,23,177
B,55,24,176
B,55,25,175
B,55,26,174
B,55,27,173
B,55,28,172
B,55,29,171
B,55,30,170
B,55,31,169
B,55,32,168
B,55,33,167
B,55,34,166
B,55,35,165
B,55,36,164
B,55,37,163
B,55,38,162
B,55,39,161
B,56,0,160
B,56,1,159
B,56,2,158
B,56,3,157
B,56,4,156
B,56,5,155
B,56,6,154
B,56,7,153
B,56,8,152
B,56,9,151
B,56,10,150
B,56,11,149
B,56,12,148
B,56,13,147
B,56,14,146
B,56,15,145
B,56,16,144
B,56,17,143
B,56,18,142
B,56,19,141
B,56,20,140
B,56,21,139
B,56,22,138
B,56,23,137
B,56,24,136
B,56,25,135
B,56,26,134
B,56,27,133
B,56,28,132
B,56,29,131
B,56,30,130
B,56,31,129
B,56,32,128
B,56,33,127
B,56,34,126
B,56,35,125
B,56,36,124
B,56,37,123
B,56,38,122
B,56,39,121
B,57,0,120
B,57,1,119
B,57,2,118
B,57,3,117
B,57,4,116
B,57,5,115
B,57,6,114
B,57,7,113
B,57,8,112
B,57,9,111
B,57,10,110
B,57,11,109
B,57,12,108
B,57,13,107
B,57,14,106
B,57,15,105
B,57,16,104
B,57,17,103
B,57,18,102
B,57,19,101
B,57,20,100
B,57,21,99
B,57,22,98
B,57,23,97
B,57,24,96
B,57,25,95
B,57,26,94
B,57,27,93
B,57,28,92
B,57,29,91
B,57,30,90
B,57,31,89
B,57,32,88
B,57,33,87
B,57,34,86
B,57,35,85
B,57,36,84
B,57,37,83
B,57,38,82
B,57,39,81
B,58,0,80
B,58,1,79
B,58,2,78
B,58,3,77
B,58,4,76
B,58,5,75
B,58,6,74
B,58,7,73
B,58,8,72
B,58,9,71
B,58,10,70
B,58,11,69
B,58,12,68
B,58,13,67
B,58,14,66
B,58,15,65
B,58,16,64
B,58,17,63
B,58,18,62
B,58,19,61
B,58,20,60
B,58,21,59
B,58,22,58
B,58,23,57
B,58,24,56
B,58,25,55
B,58,26,54
B,58,27,53
B,58,28,52
B,58,29,51
B,58,30,50
B,58,31,49
B,58,32,48
B,58,33,47
B,58,34,46
B,58,35,45
B,58,36,44
B,58,37,43
B,58,38,42
B,58,39,41
B,59,0,40
B,59,1,39
B,59,2,38
B,59,3,37
B,59,4,36
B,59,5,35
B,59,6,34
B,59,7,33
B,59,8,32
B,59,9,31
B,59,10,30
B,59,11,29
B,59,12,28
B,59,13,27
B,59,14,26
B,59,15,25
B,59,16,24
B,59,17,23
B,59,18,22
B,59,19,21
B,59,20,20
B,59,21,19
B,59,22,18
B,59,23,17
B,59,24,16
B,59,25,15
B,59,26,14
B,59,27,13
B,59,28,12
B,59,29,11
B,59,30,10
B,59,31,9
B,59,32,8
B,59,33,7
B,59,34,6
B,59,35,5
B,59,36,4
B,59,37,3
B,59,38,2
B,59,39,1
